event,presenter_id,epoch,presentation_seq,tick_id,kind,source_id,pair_a_id,pair_b_id,source_ns,copy_ready_ns,generated_ready_ns,generated_requested_ns,callback_ns,deadline_ns,target_ns,actual_presented_ns,present_submit_ns,gpu_complete_ns,callback_duration_ns,queue_depth,raw_callback_ca_bits,raw_deadline_ca_bits,raw_target_ca_bits,detail
epoch_reset,1,2,0,0,0,0,0,0,0,0,0,0,0,0,0,0,0,0,0,0,0,0,0,"2"
source_accepted,1,2,0,0,0,1,0,0,241945002333250,241945036799916,0,0,0,0,241945085666583,0,0,0,0,0,0,0,0,"owned history copy completed successfully"
history_copy_complete,1,2,0,0,0,1,0,0,241945002333250,241945036799916,0,0,0,0,241945085666583,0,0,0,0,0,0,0,0,"Metal command buffer completed"
source_accepted,1,2,0,0,0,2,0,0,241945023758291,241945036857250,0,0,0,0,241945106929259,0,0,0,0,0,0,0,0,"owned history copy completed successfully"
history_copy_complete,1,2,0,0,0,2,0,0,241945023758291,241945036857250,0,0,0,0,241945106929259,0,0,0,0,0,0,0,0,"Metal command buffer completed"
generated_requested,1,2,0,0,2,2,1,2,241945023758291,241945036857250,0,241945036913083,0,0,241945096297921,0,0,0,0,0,0,0,0,"exact adjacent source pair submitted"
generated_ready,1,2,0,3,2,2,1,2,0,0,241945047754625,0,241945047695375,241945064304498,241945096297921,0,0,0,6583,0,0,0,0,"Metal status completed"
selected_source,1,2,0,3,1,1,0,0,241945002333250,241945036799916,0,0,241945047695375,241945064304498,241945097636499,0,0,0,6583,0,0,0,0,"startup source after explicit lookahead"
presentation_submitted,1,2,1,3,1,1,0,0,241945002333250,0,0,0,241945047695375,241945064304498,241945097636499,0,241945048132333,0,6583,0,4687553181376210299,4687553181946319963,4687553183091598763,"external CAMetalDisplayLink drawable via DXMT Presenter"
presentation_gpu_completed,1,2,1,3,1,1,0,0,241945002333250,0,0,0,241945047695375,241945064304498,241945097636499,0,241945048132333,241945048767791,6583,0,4687553181376210299,4687553181946319963,4687553183091598763,"Metal command buffer completed"
source_accepted,1,2,0,0,0,3,0,0,241945055658791,241945056561541,0,0,0,0,241945138847647,0,0,0,0,0,0,0,0,"owned history copy completed successfully"
history_copy_complete,1,2,0,0,0,3,0,0,241945055658791,241945056561541,0,0,0,0,241945138847647,0,0,0,0,0,0,0,0,"Metal command buffer completed"
generated_requested,1,2,0,0,2,3,2,3,241945055658791,241945056561541,0,241945056587708,0,0,241945122888453,0,0,0,0,0,0,0,0,"exact adjacent source pair submitted"
presentation_dropped,1,2,1,3,1,1,0,0,241945002333250,0,0,0,241945047695375,241945064304498,241945097636499,0,241945048132333,0,6583,0,4687553181376210299,4687553181946319963,4687553183091598763,"Metal drawable presentedTime=0; associated frame was dropped or not presented"
framegen_failure,1,2,0,0,0,0,0,0,0,0,0,0,0,0,0,0,0,0,0,0,0,0,0,"drawable reported no presentation time"
generated_ready,1,2,0,4,2,3,2,3,0,0,241945065365166,0,241945065343958,241945080970499,241945122888453,0,0,0,5208,0,0,0,0,"Metal status completed"
selected_source,1,2,0,4,1,1,0,0,241945002333250,241945036799916,0,0,241945065343958,241945080970499,241945114302498,0,0,0,5208,0,0,0,0,"startup source after explicit lookahead"
presentation_submitted,1,2,2,4,1,1,0,0,241945002333250,0,0,0,241945065343958,241945080970499,241945114302498,0,241945065471000,0,5208,0,4687553181982611028,4687553182518959363,4687553183664238162,"external CAMetalDisplayLink drawable via DXMT Presenter"
presentation_gpu_completed,1,2,2,4,1,1,0,0,241945002333250,0,0,0,241945065343958,241945080970499,241945114302498,0,241945065471000,241945066018208,5208,0,4687553181982611028,4687553182518959363,4687553183664238162,"Metal command buffer completed"
presentation_dropped,1,2,2,4,1,1,0,0,241945002333250,0,0,0,241945065343958,241945080970499,241945114302498,0,241945065471000,0,5208,0,4687553181982611028,4687553182518959363,4687553183664238162,"Metal drawable presentedTime=0; associated frame was dropped or not presented"
framegen_failure,1,2,0,0,0,0,0,0,0,0,0,0,0,0,0,0,0,0,0,0,0,0,0,"drawable reported no presentation time"
selected_source,1,2,0,5,1,1,0,0,241945002333250,241945036799916,0,0,241945081574083,241945097636499,241945130968499,0,0,0,6792,0,0,0,0,"startup source after explicit lookahead"
presentation_submitted,1,2,3,5,1,1,0,0,241945002333250,0,0,0,241945081574083,241945097636499,241945130968499,0,241945082107500,0,6792,0,4687553182540292466,4687553183091598763,4687553184236877562,"external CAMetalDisplayLink drawable via DXMT Presenter"
presentation_gpu_completed,1,2,3,5,1,1,0,0,241945002333250,0,0,0,241945081574083,241945097636499,241945130968499,0,241945082107500,241945082741375,6792,0,4687553182540292466,4687553183091598763,4687553184236877562,"Metal command buffer completed"
source_accepted,1,2,0,0,0,4,0,0,241945088461250,241945089439333,0,0,0,0,241945171494360,0,0,0,0,0,0,0,0,"owned history copy completed successfully"
history_copy_complete,1,2,0,0,0,4,0,0,241945088461250,241945089439333,0,0,0,0,241945171494360,0,0,0,0,0,0,0,0,"Metal command buffer completed"
generated_requested,1,2,0,0,2,4,3,4,241945088461250,241945089439333,0,241945089468291,0,0,241945155171003,0,0,0,0,0,0,0,0,"exact adjacent source pair submitted"
generated_ready,1,2,0,6,2,4,3,4,0,0,241945098512000,0,241945098469000,241945114302498,241945155171003,0,0,0,9625,0,0,0,0,"Metal status completed"
generated_dropped,1,2,0,6,2,2,1,2,241945023758291,241945036857250,241945047754625,0,241945098469000,241945114302498,241945096297921,0,0,0,9625,0,0,0,0,"real endpoint deadline passed before generated selection"
selected_source,1,2,0,6,1,2,0,0,241945023758291,241945036857250,0,0,241945098469000,241945114302498,241945147634499,0,0,0,9625,0,0,0,0,"next real endpoint in source order"
presentation_submitted,1,2,4,6,1,2,0,0,241945023758291,0,0,0,241945098469000,241945114302498,241945147634499,0,241945099268291,0,9625,0,4687553183120784509,4687553183664238162,4687553184809516962,"external CAMetalDisplayLink drawable via DXMT Presenter"
presentation_gpu_completed,1,2,4,6,1,2,0,0,241945023758291,0,0,0,241945098469000,241945114302498,241945147634499,0,241945099268291,241945100081666,9625,0,4687553183120784509,4687553183664238162,4687553184809516962,"Metal command buffer completed"
generated_dropped,1,2,0,7,2,3,2,3,241945055658791,241945056561541,241945065365166,0,241945114420791,241945130968499,241945122888453,0,0,0,8167,0,0,0,0,"real endpoint deadline passed before generated selection"
selected_source,1,2,0,7,1,3,0,0,241945055658791,241945056561541,0,0,241945114420791,241945130968499,241945164300498,0,0,0,8167,0,0,0,0,"next real endpoint in source order"
source_displayed,1,2,3,5,1,1,0,0,241945002333250,0,0,0,241945081574083,241945097636499,241945130968499,241945114305874,241945082107500,0,6792,0,4687553182540292466,4687553183091598763,4687553184236877562,"normalized presentedTime from Core Animation clock"
presentation_submitted,1,2,5,7,1,3,0,0,241945055658791,0,0,0,241945114420791,241945130968499,241945164300498,0,241945115821041,0,8167,0,4687553183668888203,4687553184236877562,4687553185382156361,"external CAMetalDisplayLink drawable via DXMT Presenter"
presentation_gpu_completed,1,2,5,7,1,3,0,0,241945055658791,0,0,0,241945114420791,241945130968499,241945164300498,0,241945115821041,241945116361291,8167,0,4687553183668888203,4687553184236877562,4687553185382156361,"Metal command buffer completed"
source_accepted,1,2,0,0,0,5,0,0,241945121916958,241945129768958,0,0,0,0,241945204914122,0,0,0,0,0,0,0,0,"owned history copy completed successfully"
history_copy_complete,1,2,0,0,0,5,0,0,241945121916958,241945129768958,0,0,0,0,241945204914122,0,0,0,0,0,0,0,0,"Metal command buffer completed"
generated_requested,1,2,0,0,2,5,4,5,241945121916958,241945129768958,0,241945129798583,0,0,241945188204241,0,0,0,0,0,0,0,0,"exact adjacent source pair submitted"
generated_ready,1,2,0,8,2,5,4,5,0,0,241945131094583,0,241945131024916,241945147634499,241945188204241,0,0,0,4667,0,0,0,0,"Metal status completed"
generated_dropped,1,2,0,8,2,4,3,4,241945088461250,241945089439333,241945098512000,0,241945131024916,241945147634499,241945155171003,0,0,0,4667,0,0,0,0,"real endpoint deadline passed before generated selection"
selected_source,1,2,0,8,1,4,0,0,241945088461250,241945089439333,0,0,241945131024916,241945147634499,241945180966499,0,0,0,4667,0,0,0,0,"next real endpoint in source order"
presentation_submitted,1,2,6,8,1,4,0,0,241945088461250,0,0,0,241945131024916,241945147634499,241945180966499,0,241945131308333,0,4667,0,4687553184239388709,4687553184809516962,4687553185954795761,"external CAMetalDisplayLink drawable via DXMT Presenter"
presentation_gpu_completed,1,2,6,8,1,4,0,0,241945088461250,0,0,0,241945131024916,241945147634499,241945180966499,0,241945131308333,241945131914208,4667,0,4687553184239388709,4687553184809516962,4687553185954795761,"Metal command buffer completed"
generated_dropped,1,2,0,9,2,5,4,5,241945121916958,241945129768958,241945131094583,0,241945147688291,241945164300498,241945188204241,0,0,0,6375,0,0,0,0,"generated output was not ready by exact-pair deadline"
selected_source_repeat,1,2,0,9,1,4,0,0,241945088461250,241945089439333,0,0,241945147688291,241945164300498,241945197632499,0,0,0,6375,0,0,0,0,"real-source fallback for late/missing exact-pair output"
presentation_submitted,1,2,7,9,1,4,0,0,241945088461250,0,0,0,241945147688291,241945164300498,241945197632499,0,241945148052916,0,6375,0,4687553184811952208,4687553185382156361,4687553186527435161,"external CAMetalDisplayLink drawable via DXMT Presenter"
presentation_gpu_completed,1,2,7,9,1,4,0,0,241945088461250,0,0,0,241945147688291,241945164300498,241945197632499,0,241945148052916,241945148610458,6375,0,4687553184811952208,4687553185382156361,4687553186527435161,"Metal command buffer completed"
source_accepted,1,2,0,0,0,6,0,0,241945155138208,241945155905833,0,0,0,0,241945238200798,0,0,0,0,0,0,0,0,"owned history copy completed successfully"
history_copy_complete,1,2,0,0,0,6,0,0,241945155138208,241945155905833,0,0,0,0,241945238200798,0,0,0,0,0,0,0,0,"Metal command buffer completed"
generated_requested,1,2,0,0,2,6,5,6,241945155138208,241945155905833,0,241945155930125,0,0,241945221557460,0,0,0,0,0,0,0,0,"exact adjacent source pair submitted"
generated_ready,1,2,0,10,2,6,5,6,0,0,241945164385666,0,241945164364958,241945180966499,241945221557460,0,0,0,6958,0,0,0,0,"Metal status completed"
selected_source,1,2,0,10,1,5,0,0,241945121916958,241945129768958,0,0,241945164364958,241945180966499,241945214298498,0,0,0,6958,0,0,0,0,"next real endpoint in source order"
source_displayed,1,2,4,6,1,2,0,0,241945023758291,0,0,0,241945098469000,241945114302498,241945147634499,241945164305333,241945099268291,0,9625,0,4687553183120784509,4687553183664238162,4687553184809516962,"normalized presentedTime from Core Animation clock"
presentation_submitted,1,2,8,10,1,5,0,0,241945121916958,0,0,0,241945164364958,241945180966499,241945214298498,0,241945164559625,0,6958,0,4687553185384953828,4687553185954795761,4687553187100074560,"external CAMetalDisplayLink drawable via DXMT Presenter"
presentation_gpu_completed,1,2,8,10,1,5,0,0,241945121916958,0,0,0,241945164364958,241945180966499,241945214298498,0,241945164559625,241945165108166,6958,0,4687553185384953828,4687553185954795761,4687553187100074560,"Metal command buffer completed"
source_displayed,1,2,5,7,1,3,0,0,241945055658791,0,0,0,241945114420791,241945130968499,241945164300498,241945164527416,241945115821041,0,8167,0,4687553183668888203,4687553184236877562,4687553185382156361,"normalized presentedTime from Core Animation clock"
source_displayed,1,2,6,8,1,4,0,0,241945088461250,0,0,0,241945131024916,241945147634499,241945180966499,241945169236041,241945131308333,0,4667,0,4687553184239388709,4687553184809516962,4687553185954795761,"normalized presentedTime from Core Animation clock"
generated_dropped,1,2,0,11,2,6,5,6,241945155138208,241945155905833,241945164385666,0,241945180984916,241945197632499,241945221557460,0,0,0,3125,0,0,0,0,"generated output was not ready by exact-pair deadline"
selected_source_repeat,1,2,0,11,1,5,0,0,241945121916958,241945129768958,0,0,241945180984916,241945197632499,241945230964499,0,0,0,3125,0,0,0,0,"real-source fallback for late/missing exact-pair output"
presentation_submitted,1,2,9,11,1,5,0,0,241945121916958,0,0,0,241945180984916,241945197632499,241945230964499,0,241945181075041,0,3125,0,4687553185955996943,4687553186527435161,4687553187672713960,"external CAMetalDisplayLink drawable via DXMT Presenter"
presentation_gpu_completed,1,2,9,11,1,5,0,0,241945121916958,0,0,0,241945180984916,241945197632499,241945230964499,0,241945181075041,241945181564708,3125,0,4687553185955996943,4687553186527435161,4687553187672713960,"Metal command buffer completed"
source_displayed,1,2,7,9,1,4,0,0,241945088461250,0,0,0,241945147688291,241945164300498,241945197632499,241945184378708,241945148052916,0,6375,0,4687553184811952208,4687553185382156361,4687553186527435161,"normalized presentedTime from Core Animation clock"
source_accepted,1,2,0,0,0,7,0,0,241945189370750,241945190183083,0,0,0,0,241945272486973,0,0,0,0,0,0,0,0,"owned history copy completed successfully"
history_copy_complete,1,2,0,0,0,7,0,0,241945189370750,241945190183083,0,0,0,0,241945272486973,0,0,0,0,0,0,0,0,"Metal command buffer completed"
generated_requested,1,2,0,0,2,7,6,7,241945189370750,241945190183083,0,241945190197708,0,0,241945255343885,0,0,0,0,0,0,0,0,"exact adjacent source pair submitted"
generated_ready,1,2,0,12,2,7,6,7,0,0,241945197665041,0,241945197653750,241945214298498,241945255343885,0,0,0,2916,0,0,0,0,"Metal status completed"
selected_source,1,2,0,12,1,6,0,0,241945155138208,241945155905833,0,0,241945197653750,241945214298498,241945247630499,0,0,0,2916,0,0,0,0,"next real endpoint in source order"
presentation_submitted,1,2,10,12,1,6,0,0,241945155138208,0,0,0,241945197653750,241945214298498,241945247630499,0,241945197753916,0,2916,0,4687553186528739422,4687553187100074560,4687553188245353360,"external CAMetalDisplayLink drawable via DXMT Presenter"
presentation_gpu_completed,1,2,10,12,1,6,0,0,241945155138208,0,0,0,241945197653750,241945214298498,241945247630499,0,241945197753916,241945198235250,2916,0,4687553186528739422,4687553187100074560,4687553188245353360,"Metal command buffer completed"
source_displayed,1,2,8,10,1,5,0,0,241945121916958,0,0,0,241945164364958,241945180966499,241945214298498,241945201289041,241945164559625,0,6958,0,4687553185384953828,4687553185954795761,4687553187100074560,"normalized presentedTime from Core Animation clock"
generated_dropped,1,2,0,13,2,7,6,7,241945189370750,241945190183083,241945197665041,0,241945214309708,241945230964499,241945255343885,0,0,0,1667,0,0,0,0,"generated output was not ready by exact-pair deadline"
selected_source_repeat,1,2,0,13,1,6,0,0,241945155138208,241945155905833,0,0,241945214309708,241945230964499,241945264296498,0,0,0,1667,0,0,0,0,"real-source fallback for late/missing exact-pair output"
presentation_submitted,1,2,11,13,1,6,0,0,241945155138208,0,0,0,241945214309708,241945230964499,241945264296498,0,241945214390833,0,1667,0,4687553187101019453,4687553187672713960,4687553188817992759,"external CAMetalDisplayLink drawable via DXMT Presenter"
presentation_gpu_completed,1,2,11,13,1,6,0,0,241945155138208,0,0,0,241945214309708,241945230964499,241945264296498,0,241945214390833,241945214875583,1667,0,4687553187101019453,4687553187672713960,4687553188817992759,"Metal command buffer completed"
source_accepted,1,2,0,0,0,8,0,0,241945222679125,241945223349333,0,0,0,0,241945305842038,0,0,0,0,0,0,0,0,"owned history copy completed successfully"
history_copy_complete,1,2,0,0,0,8,0,0,241945222679125,241945223349333,0,0,0,0,241945305842038,0,0,0,0,0,0,0,0,"Metal command buffer completed"
generated_requested,1,2,0,0,2,8,7,8,241945222679125,241945223349333,0,241945223366875,0,0,241945289164505,0,0,0,0,0,0,0,0,"exact adjacent source pair submitted"
source_displayed,1,2,9,11,1,5,0,0,241945121916958,0,0,0,241945180984916,241945197632499,241945230964499,241945217914583,241945181075041,0,3125,0,4687553185955996943,4687553186527435161,4687553187672713960,"normalized presentedTime from Core Animation clock"
generated_ready,1,2,0,14,2,8,7,8,0,0,241945230998166,0,241945230984208,241945247630498,241945289164505,0,0,0,1333,0,0,0,0,"Metal status completed"
selected_source,1,2,0,14,1,7,0,0,241945189370750,241945190183083,0,0,241945230984208,241945247630498,241945280962499,0,0,0,1333,0,0,0,0,"next real endpoint in source order"
presentation_submitted,1,2,12,14,1,7,0,0,241945189370750,0,0,0,241945230984208,241945247630498,241945280962499,0,241945231075625,0,1333,0,4687553187673953797,4687553188245353359,4687553189390632159,"external CAMetalDisplayLink drawable via DXMT Presenter"
presentation_gpu_completed,1,2,12,14,1,7,0,0,241945189370750,0,0,0,241945230984208,241945247630498,241945280962499,0,241945231075625,241945231560458,1333,0,4687553187673953797,4687553188245353359,4687553189390632159,"Metal command buffer completed"
source_displayed,1,2,10,12,1,6,0,0,241945155138208,0,0,0,241945197653750,241945214298498,241945247630499,241945234826249,241945197753916,0,2916,0,4687553186528739422,4687553187100074560,4687553188245353360,"normalized presentedTime from Core Animation clock"
generated_dropped,1,2,0,15,2,8,7,8,241945222679125,241945223349333,241945230998166,0,241945247652291,241945264296498,241945289164505,0,0,0,2584,0,0,0,0,"generated output was not ready by exact-pair deadline"
selected_source_repeat,1,2,0,15,1,7,0,0,241945189370750,241945190183083,0,0,241945247652291,241945264296498,241945297628498,0,0,0,2584,0,0,0,0,"real-source fallback for late/missing exact-pair output"
presentation_submitted,1,2,13,15,1,7,0,0,241945189370750,0,0,0,241945247652291,241945264296498,241945297628498,0,241945247732083,0,2584,0,4687553188246667619,4687553188817992759,4687553189963271558,"external CAMetalDisplayLink drawable via DXMT Presenter"
presentation_gpu_completed,1,2,13,15,1,7,0,0,241945189370750,0,0,0,241945247652291,241945264296498,241945297628498,0,241945247732083,241945248228208,2584,0,4687553188246667619,4687553188817992759,4687553189963271558,"Metal command buffer completed"
source_displayed,1,2,11,13,1,6,0,0,241945155138208,0,0,0,241945214309708,241945230964499,241945264296498,241945250984666,241945214390833,0,1667,0,4687553187101019453,4687553187672713960,4687553188817992759,"normalized presentedTime from Core Animation clock"
source_accepted,1,2,0,0,0,9,0,0,241945255856708,241945256560250,0,0,0,0,241945339054213,0,0,0,0,0,0,0,0,"owned history copy completed successfully"
history_copy_complete,1,2,0,0,0,9,0,0,241945255856708,241945256560250,0,0,0,0,241945339054213,0,0,0,0,0,0,0,0,"Metal command buffer completed"
generated_requested,1,2,0,0,2,9,8,9,241945255856708,241945256560250,0,241945256575291,0,0,241945322448125,0,0,0,0,0,0,0,0,"exact adjacent source pair submitted"
generated_ready,1,2,0,16,2,9,8,9,0,0,241945264333541,0,241945264320750,241945280962499,241945322448125,0,0,0,2458,0,0,0,0,"Metal status completed"
selected_source,1,2,0,16,1,8,0,0,241945222679125,241945223349333,0,0,241945264320750,241945280962499,241945314294499,0,0,0,2458,0,0,0,0,"next real endpoint in source order"
presentation_submitted,1,2,14,16,1,8,0,0,241945222679125,0,0,0,241945264320750,241945280962499,241945314294499,0,241945264404625,0,2458,0,4687553188819395805,4687553189390632159,4687553190535910958,"external CAMetalDisplayLink drawable via DXMT Presenter"
presentation_gpu_completed,1,2,14,16,1,8,0,0,241945222679125,0,0,0,241945264320750,241945280962499,241945314294499,0,241945264404625,241945264899416,2458,0,4687553188819395805,4687553189390632159,4687553190535910958,"Metal command buffer completed"
generated_dropped,1,2,0,17,2,9,8,9,241945255856708,241945256560250,241945264333541,0,241945280987291,241945297628498,241945322448125,0,0,0,6292,0,0,0,0,"generated output was not ready by exact-pair deadline"
selected_source_repeat,1,2,0,17,1,8,0,0,241945222679125,241945223349333,0,0,241945280987291,241945297628498,241945330960499,0,0,0,6292,0,0,0,0,"real-source fallback for late/missing exact-pair output"
presentation_submitted,1,2,15,17,1,8,0,0,241945222679125,0,0,0,241945280987291,241945297628498,241945330960499,0,241945281101791,0,6292,0,4687553189392046646,4687553189963271558,4687553191108550358,"external CAMetalDisplayLink drawable via DXMT Presenter"
presentation_gpu_completed,1,2,15,17,1,8,0,0,241945222679125,0,0,0,241945280987291,241945297628498,241945330960499,0,241945281101791,241945281600250,6292,0,4687553189392046646,4687553189963271558,4687553191108550358,"Metal command buffer completed"
source_accepted,1,2,0,0,0,10,0,0,241945289059625,241945289726041,0,0,0,0,241945372282744,0,0,0,0,0,0,0,0,"owned history copy completed successfully"
history_copy_complete,1,2,0,0,0,10,0,0,241945289059625,241945289726041,0,0,0,0,241945372282744,0,0,0,0,0,0,0,0,"Metal command buffer completed"
generated_requested,1,2,0,0,2,10,9,10,241945289059625,241945289726041,0,241945289740583,0,0,241945355668478,0,0,0,0,0,0,0,0,"exact adjacent source pair submitted"
generated_ready,1,2,0,18,2,10,9,10,0,0,241945297664041,0,241945297650833,241945314294499,241945355668478,0,0,0,2083,0,0,0,0,"Metal status completed"
selected_source,1,2,0,18,1,9,0,0,241945255856708,241945256560250,0,0,241945297650833,241945314294499,241945347626498,0,0,0,2083,0,0,0,0,"next real endpoint in source order"
presentation_submitted,1,2,16,18,1,9,0,0,241945255856708,0,0,0,241945297650833,241945314294499,241945347626498,0,241945297730583,0,2083,0,4687553189964602998,4687553190535910958,4687553191681189757,"external CAMetalDisplayLink drawable via DXMT Presenter"
presentation_gpu_completed,1,2,16,18,1,9,0,0,241945255856708,0,0,0,241945297650833,241945314294499,241945347626498,0,241945297730583,241945298207791,2083,0,4687553189964602998,4687553190535910958,4687553191681189757,"Metal command buffer completed"
source_displayed,1,2,12,14,1,7,0,0,241945189370750,0,0,0,241945230984208,241945247630498,241945280962499,241945297637166,241945231075625,0,1333,0,4687553187673953797,4687553188245353359,4687553189390632159,"normalized presentedTime from Core Animation clock"
generated_dropped,1,2,0,19,2,10,9,10,241945289059625,241945289726041,241945297664041,0,241945314353041,241945330960499,241945355668478,0,0,0,7834,0,0,0,0,"generated output was not ready by exact-pair deadline"
selected_source_repeat,1,2,0,19,1,9,0,0,241945255856708,241945256560250,0,0,241945314353041,241945330960499,241945364292499,0,0,0,7834,0,0,0,0,"real-source fallback for late/missing exact-pair output"
presentation_submitted,1,2,17,19,1,9,0,0,241945255856708,0,0,0,241945314353041,241945330960499,241945364292499,0,241945314558458,0,7834,0,4687553190538510856,4687553191108550358,4687553192253829157,"external CAMetalDisplayLink drawable via DXMT Presenter"
presentation_gpu_completed,1,2,17,19,1,9,0,0,241945255856708,0,0,0,241945314353041,241945330960499,241945364292499,0,241945314558458,241945315099916,7834,0,4687553190538510856,4687553191108550358,4687553192253829157,"Metal command buffer completed"
source_displayed,1,2,13,15,1,7,0,0,241945189370750,0,0,0,241945247652291,241945264296498,241945297628498,241945314303749,241945247732083,0,2584,0,4687553188246667619,4687553188817992759,4687553189963271558,"normalized presentedTime from Core Animation clock"
source_accepted,1,2,0,0,0,11,0,0,241945322236416,241945323021333,0,0,0,0,241945405475136,0,0,0,0,0,0,0,0,"owned history copy completed successfully"
history_copy_complete,1,2,0,0,0,11,0,0,241945322236416,241945323021333,0,0,0,0,241945405475136,0,0,0,0,0,0,0,0,"Metal command buffer completed"
generated_requested,1,2,0,0,2,11,10,11,241945322236416,241945323021333,0,241945323040708,0,0,241945388878940,0,0,0,0,0,0,0,0,"exact adjacent source pair submitted"
generated_ready,1,2,0,20,2,11,10,11,0,0,241945331029750,0,241945331006333,241945347626498,241945388878940,0,0,0,5500,0,0,0,0,"Metal status completed"
selected_source,1,2,0,20,1,10,0,0,241945289059625,241945289726041,0,0,241945331006333,241945347626498,241945380958499,0,0,0,5500,0,0,0,0,"next real endpoint in source order"
presentation_submitted,1,2,18,20,1,10,0,0,241945289059625,0,0,0,241945331006333,241945347626498,241945380958499,0,241945331189333,0,5500,0,4687553191110700728,4687553191681189757,4687553192826468557,"external CAMetalDisplayLink drawable via DXMT Presenter"
presentation_gpu_completed,1,2,18,20,1,10,0,0,241945289059625,0,0,0,241945331006333,241945347626498,241945380958499,0,241945331189333,241945331700208,5500,0,4687553191110700728,4687553191681189757,4687553192826468557,"Metal command buffer completed"
source_displayed,1,2,14,16,1,8,0,0,241945222679125,0,0,0,241945264320750,241945280962499,241945314294499,241945330970166,241945264404625,0,2458,0,4687553188819395805,4687553189390632159,4687553190535910958,"normalized presentedTime from Core Animation clock"
generated_dropped,1,2,0,21,2,11,10,11,241945322236416,241945323021333,241945331029750,0,241945347695125,241945364292499,241945388878940,0,0,0,7875,0,0,0,0,"generated output was not ready by exact-pair deadline"
selected_source_repeat,1,2,0,21,1,10,0,0,241945289059625,241945289726041,0,0,241945347695125,241945364292499,241945397624498,0,0,0,7875,0,0,0,0,"real-source fallback for late/missing exact-pair output"
presentation_submitted,1,2,19,21,1,10,0,0,241945289059625,0,0,0,241945347695125,241945364292499,241945397624498,0,241945347889166,0,7875,0,4687553191684134696,4687553192253829157,4687553193399107956,"external CAMetalDisplayLink drawable via DXMT Presenter"
presentation_gpu_completed,1,2,19,21,1,10,0,0,241945289059625,0,0,0,241945347695125,241945364292499,241945397624498,0,241945347889166,241945348402666,7875,0,4687553191684134696,4687553192253829157,4687553193399107956,"Metal command buffer completed"
source_displayed,1,2,15,17,1,8,0,0,241945222679125,0,0,0,241945280987291,241945297628498,241945330960499,241945347636624,241945281101791,0,6292,0,4687553189392046646,4687553189963271558,4687553191108550358,"normalized presentedTime from Core Animation clock"
source_accepted,1,2,0,0,0,12,0,0,241945355476583,241945356559125,0,0,0,0,241945438723417,0,0,0,0,0,0,0,0,"owned history copy completed successfully"
history_copy_complete,1,2,0,0,0,12,0,0,241945355476583,241945356559125,0,0,0,0,241945438723417,0,0,0,0,0,0,0,0,"Metal command buffer completed"
generated_requested,1,2,0,0,2,12,11,12,241945355476583,241945356559125,0,241945356595125,0,0,241945422099276,0,0,0,0,0,0,0,0,"exact adjacent source pair submitted"
generated_ready,1,2,0,22,2,12,11,12,0,0,241945364384916,0,241945364365916,241945380958499,241945422099276,0,0,0,6334,0,0,0,0,"Metal status completed"
selected_source,1,2,0,22,1,11,0,0,241945322236416,241945323021333,0,0,241945364365916,241945380958499,241945414290499,0,0,0,6334,0,0,0,0,"next real endpoint in source order"
presentation_submitted,1,2,20,22,1,11,0,0,241945322236416,0,0,0,241945364365916,241945380958499,241945414290499,0,241945364549125,0,6334,0,4687553192256934418,4687553192826468557,4687553193971747356,"external CAMetalDisplayLink drawable via DXMT Presenter"
presentation_gpu_completed,1,2,20,22,1,11,0,0,241945322236416,0,0,0,241945364365916,241945380958499,241945414290499,0,241945364549125,241945365126250,6334,0,4687553192256934418,4687553192826468557,4687553193971747356,"Metal command buffer completed"
source_displayed,1,2,16,18,1,9,0,0,241945255856708,0,0,0,241945297650833,241945314294499,241945347626498,241945364303124,241945297730583,0,2083,0,4687553189964602998,4687553190535910958,4687553191681189757,"normalized presentedTime from Core Animation clock"
generated_dropped,1,2,0,23,2,12,11,12,241945355476583,241945356559125,241945364384916,0,241945381015958,241945397624498,241945422099276,0,0,0,6458,0,0,0,0,"generated output was not ready by exact-pair deadline"
selected_source_repeat,1,2,0,23,1,11,0,0,241945322236416,241945323021333,0,0,241945381015958,241945397624498,241945430956499,0,0,0,6458,0,0,0,0,"real-source fallback for late/missing exact-pair output"
presentation_submitted,1,2,21,23,1,11,0,0,241945322236416,0,0,0,241945381015958,241945397624498,241945430956499,0,241945381158208,0,6458,0,4687553192829019767,4687553193399107956,4687553194544386756,"external CAMetalDisplayLink drawable via DXMT Presenter"
presentation_gpu_completed,1,2,21,23,1,11,0,0,241945322236416,0,0,0,241945381015958,241945397624498,241945430956499,0,241945381158208,241945381697125,6458,0,4687553192829019767,4687553193399107956,4687553194544386756,"Metal command buffer completed"
source_displayed,1,2,17,19,1,9,0,0,241945255856708,0,0,0,241945314353041,241945330960499,241945364292499,241945380969624,241945314558458,0,7834,0,4687553190538510856,4687553191108550358,4687553192253829157,"normalized presentedTime from Core Animation clock"
source_accepted,1,2,0,0,0,13,0,0,241945388801500,241945389660625,0,0,0,0,241945472052925,0,0,0,0,0,0,0,0,"owned history copy completed successfully"
history_copy_complete,1,2,0,0,0,13,0,0,241945388801500,241945389660625,0,0,0,0,241945472052925,0,0,0,0,0,0,0,0,"Metal command buffer completed"
generated_requested,1,2,0,0,2,13,12,13,241945388801500,241945389660625,0,241945389684666,0,0,241945455388171,0,0,0,0,0,0,0,0,"exact adjacent source pair submitted"
generated_ready,1,2,0,24,2,13,12,13,0,0,241945397744583,0,241945397726708,241945414290499,241945455388171,0,0,0,4250,0,0,0,0,"Metal status completed"
selected_source,1,2,0,24,1,12,0,0,241945355476583,241945356559125,0,0,241945397726708,241945414290499,241945447622498,0,0,0,4250,0,0,0,0,"next real endpoint in source order"
presentation_submitted,1,2,22,24,1,12,0,0,241945355476583,0,0,0,241945397726708,241945414290499,241945447622498,0,241945397836791,0,4250,0,4687553193403189618,4687553193971747356,4687553195117026155,"external CAMetalDisplayLink drawable via DXMT Presenter"
presentation_gpu_completed,1,2,22,24,1,12,0,0,241945355476583,0,0,0,241945397726708,241945414290499,241945447622498,0,241945397836791,241945398315375,4250,0,4687553193403189618,4687553193971747356,4687553195117026155,"Metal command buffer completed"
source_displayed,1,2,18,20,1,10,0,0,241945289059625,0,0,0,241945331006333,241945347626498,241945380958499,241945397636124,241945331189333,0,5500,0,4687553191110700728,4687553191681189757,4687553192826468557,"normalized presentedTime from Core Animation clock"
generated_dropped,1,2,0,25,2,13,12,13,241945388801500,241945389660625,241945397744583,0,241945414317500,241945430956499,241945455388171,0,0,0,3083,0,0,0,0,"generated output was not ready by exact-pair deadline"
selected_source_repeat,1,2,0,25,1,12,0,0,241945355476583,241945356559125,0,0,241945414317500,241945430956499,241945464288499,0,0,0,3083,0,0,0,0,"real-source fallback for late/missing exact-pair output"
presentation_submitted,1,2,23,25,1,12,0,0,241945355476583,0,0,0,241945414317500,241945430956499,241945464288499,0,241945414412833,0,3083,0,4687553193973240596,4687553194544386756,4687553195689665555,"external CAMetalDisplayLink drawable via DXMT Presenter"
presentation_gpu_completed,1,2,23,25,1,12,0,0,241945355476583,0,0,0,241945414317500,241945430956499,241945464288499,0,241945414412833,241945414918541,3083,0,4687553193973240596,4687553194544386756,4687553195689665555,"Metal command buffer completed"
source_displayed,1,2,19,21,1,10,0,0,241945289059625,0,0,0,241945347695125,241945364292499,241945397624498,241945414302541,241945347889166,0,7875,0,4687553191684134696,4687553192253829157,4687553193399107956,"normalized presentedTime from Core Animation clock"
source_accepted,1,2,0,0,0,14,0,0,241945422081375,241945422866166,0,0,0,0,241945505336973,0,0,0,0,0,0,0,0,"owned history copy completed successfully"
history_copy_complete,1,2,0,0,0,14,0,0,241945422081375,241945422866166,0,0,0,0,241945505336973,0,0,0,0,0,0,0,0,"Metal command buffer completed"
generated_requested,1,2,0,0,2,14,13,14,241945422081375,241945422866166,0,241945422883125,0,0,241945488694949,0,0,0,0,0,0,0,0,"exact adjacent source pair submitted"
generated_ready,1,2,0,26,2,14,13,14,0,0,241945431017250,0,241945431003875,241945447622498,241945488694949,0,0,0,3541,0,0,0,0,"Metal status completed"
selected_source,1,2,0,26,1,13,0,0,241945388801500,241945389660625,0,0,241945431003875,241945447622498,241945480954499,0,0,0,3541,0,0,0,0,"next real endpoint in source order"
presentation_submitted,1,2,24,26,1,13,0,0,241945388801500,0,0,0,241945431003875,241945447622498,241945480954499,0,241945431125666,0,3541,0,4687553194546587222,4687553195117026155,4687553196262304955,"external CAMetalDisplayLink drawable via DXMT Presenter"
presentation_gpu_completed,1,2,24,26,1,13,0,0,241945388801500,0,0,0,241945431003875,241945447622498,241945480954499,0,241945431125666,241945431625833,3541,0,4687553194546587222,4687553195117026155,4687553196262304955,"Metal command buffer completed"
source_displayed,1,2,20,22,1,11,0,0,241945322236416,0,0,0,241945364365916,241945380958499,241945414290499,241945430969041,241945364549125,0,6334,0,4687553192256934418,4687553192826468557,4687553193971747356,"normalized presentedTime from Core Animation clock"
generated_dropped,1,2,0,27,2,14,13,14,241945422081375,241945422866166,241945431017250,0,241945447674250,241945464288499,241945488694949,0,0,0,5666,0,0,0,0,"generated output was not ready by exact-pair deadline"
selected_source_repeat,1,2,0,27,1,13,0,0,241945388801500,241945389660625,0,0,241945447674250,241945464288499,241945497620499,0,0,0,5666,0,0,0,0,"real-source fallback for late/missing exact-pair output"
presentation_submitted,1,2,25,27,1,13,0,0,241945388801500,0,0,0,241945447674250,241945464288499,241945497620499,0,241945447853958,0,5666,0,4687553195119374094,4687553195689665555,4687553196834944354,"external CAMetalDisplayLink drawable via DXMT Presenter"
presentation_gpu_completed,1,2,25,27,1,13,0,0,241945388801500,0,0,0,241945447674250,241945464288499,241945497620499,0,241945447853958,241945448407333,5666,0,4687553195119374094,4687553195689665555,4687553196834944354,"Metal command buffer completed"
source_displayed,1,2,21,23,1,11,0,0,241945322236416,0,0,0,241945381015958,241945397624498,241945430956499,241945447635583,241945381158208,0,6458,0,4687553192829019767,4687553193399107956,4687553194544386756,"normalized presentedTime from Core Animation clock"
source_accepted,1,2,0,0,0,15,0,0,241945455293000,241945456004041,0,0,0,0,241945538554697,0,0,0,0,0,0,0,0,"owned history copy completed successfully"
history_copy_complete,1,2,0,0,0,15,0,0,241945455293000,241945456004041,0,0,0,0,241945538554697,0,0,0,0,0,0,0,0,"Metal command buffer completed"
generated_requested,1,2,0,0,2,15,14,15,241945455293000,241945456004041,0,241945456022166,0,0,241945521945835,0,0,0,0,0,0,0,0,"exact adjacent source pair submitted"
generated_ready,1,2,0,28,2,15,14,15,0,0,241945464391958,0,241945464353125,241945480954498,241945521945835,0,0,0,6166,0,0,0,0,"Metal status completed"
selected_source,1,2,0,28,1,14,0,0,241945422081375,241945422866166,0,0,241945464353125,241945480954498,241945514286499,0,0,0,6166,0,0,0,0,"next real endpoint in source order"
presentation_submitted,1,2,26,28,1,14,0,0,241945422081375,0,0,0,241945464353125,241945480954498,241945514286499,0,241945464585291,0,6166,0,4687553195692465873,4687553196262304954,4687553197407583754,"external CAMetalDisplayLink drawable via DXMT Presenter"
presentation_gpu_completed,1,2,26,28,1,14,0,0,241945422081375,0,0,0,241945464353125,241945480954498,241945514286499,0,241945464585291,241945465142500,6166,0,4687553195692465873,4687553196262304954,4687553197407583754,"Metal command buffer completed"
source_displayed,1,2,22,24,1,12,0,0,241945355476583,0,0,0,241945397726708,241945414290499,241945447622498,241945464301999,241945397836791,0,4250,0,4687553193403189618,4687553193971747356,4687553195117026155,"normalized presentedTime from Core Animation clock"
generated_dropped,1,2,0,29,2,15,14,15,241945455293000,241945456004041,241945464391958,0,241945481005750,241945497620499,241945521945835,0,0,0,6750,0,0,0,0,"generated output was not ready by exact-pair deadline"
selected_source_repeat,1,2,0,29,1,14,0,0,241945422081375,241945422866166,0,0,241945481005750,241945497620499,241945530952498,0,0,0,6750,0,0,0,0,"real-source fallback for late/missing exact-pair output"
presentation_submitted,1,2,27,29,1,14,0,0,241945422081375,0,0,0,241945481005750,241945497620499,241945530952498,0,241945481188208,0,6750,0,4687553196264641417,4687553196834944354,4687553197980223153,"external CAMetalDisplayLink drawable via DXMT Presenter"
source_displayed,1,2,23,25,1,12,0,0,241945355476583,0,0,0,241945414317500,241945430956499,241945464288499,241945480968499,241945414412833,0,3083,0,4687553193973240596,4687553194544386756,4687553195689665555,"normalized presentedTime from Core Animation clock"
presentation_gpu_completed,1,2,27,29,1,14,0,0,241945422081375,0,0,0,241945481005750,241945497620499,241945530952498,0,241945481188208,241945481755750,6750,0,4687553196264641417,4687553196834944354,4687553197980223153,"Metal command buffer completed"
source_accepted,1,2,0,0,0,16,0,0,241945488484375,241945489184791,0,0,0,0,241945571748917,0,0,0,0,0,0,0,0,"owned history copy completed successfully"
history_copy_complete,1,2,0,0,0,16,0,0,241945488484375,241945489184791,0,0,0,0,241945571748917,0,0,0,0,0,0,0,0,"Metal command buffer completed"
generated_requested,1,2,0,0,2,16,15,16,241945488484375,241945489184791,0,241945489201583,0,0,241945555151807,0,0,0,0,0,0,0,0,"exact adjacent source pair submitted"
generated_ready,1,2,0,30,2,16,15,16,0,0,241945497668958,0,241945497648708,241945514286499,241945555151807,0,0,0,3500,0,0,0,0,"Metal status completed"
selected_source,1,2,0,30,1,15,0,0,241945455293000,241945456004041,0,0,241945497648708,241945514286499,241945547618499,0,0,0,3500,0,0,0,0,"next real endpoint in source order"
presentation_submitted,1,2,28,30,1,15,0,0,241945455293000,0,0,0,241945497648708,241945514286499,241945547618499,0,241945497764041,0,3500,0,4687553196836481952,4687553197407583754,4687553198552862553,"external CAMetalDisplayLink drawable via DXMT Presenter"
source_displayed,1,2,24,26,1,13,0,0,241945388801500,0,0,0,241945431003875,241945447622498,241945480954499,241945497634958,241945431125666,0,3541,0,4687553194546587222,4687553195117026155,4687553196262304955,"normalized presentedTime from Core Animation clock"
presentation_gpu_completed,1,2,28,30,1,15,0,0,241945455293000,0,0,0,241945497648708,241945514286499,241945547618499,0,241945497764041,241945498267000,3500,0,4687553196836481952,4687553197407583754,4687553198552862553,"Metal command buffer completed"
generated_dropped,1,2,0,31,2,16,15,16,241945488484375,241945489184791,241945497668958,0,241945514307958,241945530952498,241945555151807,0,0,0,3542,0,0,0,0,"generated output was not ready by exact-pair deadline"
selected_source_repeat,1,2,0,31,1,15,0,0,241945455293000,241945456004041,0,0,241945514307958,241945530952498,241945564284499,0,0,0,3542,0,0,0,0,"real-source fallback for late/missing exact-pair output"
presentation_submitted,1,2,29,31,1,15,0,0,241945455293000,0,0,0,241945514307958,241945530952498,241945564284499,0,241945514411541,0,3542,0,4687553197408889424,4687553197980223153,4687553199125501953,"external CAMetalDisplayLink drawable via DXMT Presenter"
source_displayed,1,2,25,27,1,13,0,0,241945388801500,0,0,0,241945447674250,241945464288499,241945497620499,241945514301458,241945447853958,0,5666,0,4687553195119374094,4687553195689665555,4687553196834944354,"normalized presentedTime from Core Animation clock"
presentation_gpu_completed,1,2,29,31,1,15,0,0,241945455293000,0,0,0,241945514307958,241945530952498,241945564284499,0,241945514411541,241945514912375,3542,0,4687553197408889424,4687553197980223153,4687553199125501953,"Metal command buffer completed"
source_accepted,1,2,0,0,0,17,0,0,241945522710000,241945523596916,0,0,0,0,241945605984427,0,0,0,0,0,0,0,0,"owned history copy completed successfully"
history_copy_complete,1,2,0,0,0,17,0,0,241945522710000,241945523596916,0,0,0,0,241945605984427,0,0,0,0,0,0,0,0,"Metal command buffer completed"
generated_requested,1,2,0,0,2,17,16,17,241945522710000,241945523596916,0,241945523628375,0,0,241945588866672,0,0,0,0,0,0,0,0,"exact adjacent source pair submitted"
generated_ready,1,2,0,32,2,17,16,17,0,0,241945531047791,0,241945531008000,241945547618499,241945588866672,0,0,0,5791,0,0,0,0,"Metal status completed"
selected_source,1,2,0,32,1,16,0,0,241945488484375,241945489184791,0,0,241945531008000,241945547618499,241945580950498,0,0,0,5791,0,0,0,0,"next real endpoint in source order"
presentation_submitted,1,2,30,32,1,16,0,0,241945488484375,0,0,0,241945531008000,241945547618499,241945580950498,0,241945531218416,0,5791,0,4687553197982704236,4687553198552862553,4687553199698141352,"external CAMetalDisplayLink drawable via DXMT Presenter"
source_displayed,1,2,26,28,1,14,0,0,241945422081375,0,0,0,241945464353125,241945480954498,241945514286499,241945530967916,241945464585291,0,6166,0,4687553195692465873,4687553196262304954,4687553197407583754,"normalized presentedTime from Core Animation clock"
presentation_gpu_completed,1,2,30,32,1,16,0,0,241945488484375,0,0,0,241945531008000,241945547618499,241945580950498,0,241945531218416,241945531759875,5791,0,4687553197982704236,4687553198552862553,4687553199698141352,"Metal command buffer completed"
generated_dropped,1,2,0,33,2,17,16,17,241945522710000,241945523596916,241945531047791,0,241945547839041,241945564284499,241945588866672,0,0,0,7292,0,0,0,0,"generated output was not ready by exact-pair deadline"
selected_source_repeat,1,2,0,33,1,16,0,0,241945488484375,241945489184791,0,0,241945547839041,241945564284499,241945597616499,0,0,0,7292,0,0,0,0,"real-source fallback for late/missing exact-pair output"
presentation_submitted,1,2,31,33,1,16,0,0,241945488484375,0,0,0,241945547839041,241945564284499,241945597616499,0,241945548277958,0,7292,0,4687553198561025877,4687553199125501953,4687553200270780752,"external CAMetalDisplayLink drawable via DXMT Presenter"
source_displayed,1,2,27,29,1,14,0,0,241945422081375,0,0,0,241945481005750,241945497620499,241945530952498,241945547634374,241945481188208,0,6750,0,4687553196264641417,4687553196834944354,4687553197980223153,"normalized presentedTime from Core Animation clock"
presentation_gpu_completed,1,2,31,33,1,16,0,0,241945488484375,0,0,0,241945547839041,241945564284499,241945597616499,0,241945548277958,241945548827041,7292,0,4687553198561025877,4687553199125501953,4687553200270780752,"Metal command buffer completed"
source_accepted,1,2,0,0,0,18,0,0,241945555993250,241945556786833,0,0,0,0,241945639247375,0,0,0,0,0,0,0,0,"owned history copy completed successfully"
history_copy_complete,1,2,0,0,0,18,0,0,241945555993250,241945556786833,0,0,0,0,241945639247375,0,0,0,0,0,0,0,0,"Metal command buffer completed"
generated_requested,1,2,0,0,2,18,17,18,241945555993250,241945556786833,0,241945556809375,0,0,241945622615901,0,0,0,0,0,0,0,0,"exact adjacent source pair submitted"
generated_ready,1,2,0,34,2,18,17,18,0,0,241945564367666,0,241945564336916,241945580950498,241945622615901,0,0,0,7250,0,0,0,0,"Metal status completed"
selected_source,1,2,0,34,1,17,0,0,241945522710000,241945523596916,0,0,241945564336916,241945580950498,241945614282499,0,0,0,7250,0,0,0,0,"next real endpoint in source order"
presentation_submitted,1,2,32,34,1,17,0,0,241945522710000,0,0,0,241945564336916,241945580950498,241945614282499,0,241945564543500,0,7250,0,4687553199127885659,4687553199698141352,4687553200843420152,"external CAMetalDisplayLink drawable via DXMT Presenter"
source_displayed,1,2,28,30,1,15,0,0,241945455293000,0,0,0,241945497648708,241945514286499,241945547618499,241945564300958,241945497764041,0,3500,0,4687553196836481952,4687553197407583754,4687553198552862553,"normalized presentedTime from Core Animation clock"
presentation_gpu_completed,1,2,32,34,1,17,0,0,241945522710000,0,0,0,241945564336916,241945580950498,241945614282499,0,241945564543500,241945565074875,7250,0,4687553199127885659,4687553199698141352,4687553200843420152,"Metal command buffer completed"
generated_dropped,1,2,0,35,2,18,17,18,241945555993250,241945556786833,241945564367666,0,241945581011333,241945597616499,241945622615901,0,0,0,7000,0,0,0,0,"generated output was not ready by exact-pair deadline"
selected_source_repeat,1,2,0,35,1,17,0,0,241945522710000,241945523596916,0,0,241945581011333,241945597616499,241945630948498,0,0,0,7000,0,0,0,0,"real-source fallback for late/missing exact-pair output"
presentation_submitted,1,2,33,35,1,17,0,0,241945522710000,0,0,0,241945581011333,241945597616499,241945630948498,0,241945581190958,0,7000,0,4687553199700807118,4687553200270780752,4687553201416059551,"external CAMetalDisplayLink drawable via DXMT Presenter"
source_displayed,1,2,29,31,1,15,0,0,241945455293000,0,0,0,241945514307958,241945530952498,241945564284499,241945580967374,241945514411541,0,3542,0,4687553197408889424,4687553197980223153,4687553199125501953,"normalized presentedTime from Core Animation clock"
presentation_gpu_completed,1,2,33,35,1,17,0,0,241945522710000,0,0,0,241945581011333,241945597616499,241945630948498,0,241945581190958,241945581765000,7000,0,4687553199700807118,4687553200270780752,4687553201416059551,"Metal command buffer completed"
source_accepted,1,2,0,0,0,19,0,0,241945589249708,241945589982083,0,0,0,0,241945672508590,0,0,0,0,0,0,0,0,"owned history copy completed successfully"
history_copy_complete,1,2,0,0,0,19,0,0,241945589249708,241945589982083,0,0,0,0,241945672508590,0,0,0,0,0,0,0,0,"Metal command buffer completed"
generated_requested,1,2,0,0,2,19,18,19,241945589249708,241945589982083,0,241945589999958,0,0,241945655877982,0,0,0,0,0,0,0,0,"exact adjacent source pair submitted"
generated_ready,1,2,0,36,2,19,18,19,0,0,241945597657125,0,241945597645375,241945614282499,241945655877982,0,0,0,3041,0,0,0,0,"Metal status completed"
selected_source,1,2,0,36,1,18,0,0,241945555993250,241945556786833,0,0,241945597645375,241945614282499,241945647614499,0,0,0,3041,0,0,0,0,"next real endpoint in source order"
presentation_submitted,1,2,34,36,1,18,0,0,241945555993250,0,0,0,241945597645375,241945614282499,241945647614499,0,241945597758333,0,3041,0,4687553200272342711,4687553200843420152,4687553201988698951,"external CAMetalDisplayLink drawable via DXMT Presenter"
source_displayed,1,2,30,32,1,16,0,0,241945488484375,0,0,0,241945531008000,241945547618499,241945580950498,241945597633874,241945531218416,0,5791,0,4687553197982704236,4687553198552862553,4687553199698141352,"normalized presentedTime from Core Animation clock"
presentation_gpu_completed,1,2,34,36,1,18,0,0,241945555993250,0,0,0,241945597645375,241945614282499,241945647614499,0,241945597758333,241945598252583,3041,0,4687553200272342711,4687553200843420152,4687553201988698951,"Metal command buffer completed"
source_displayed,1,2,31,33,1,16,0,0,241945488484375,0,0,0,241945547839041,241945564284499,241945597616499,241945598061291,241945548277958,0,7292,0,4687553198561025877,4687553199125501953,4687553200270780752,"normalized presentedTime from Core Animation clock"
source_displayed,1,2,32,34,1,17,0,0,241945522710000,0,0,0,241945564336916,241945580950498,241945614282499,241945600371833,241945564543500,0,7250,0,4687553199127885659,4687553199698141352,4687553200843420152,"normalized presentedTime from Core Animation clock"
generated_dropped,1,2,0,37,2,19,18,19,241945589249708,241945589982083,241945597657125,0,241945614311541,241945630948498,241945655877982,0,0,0,2875,0,0,0,0,"generated output was not ready by exact-pair deadline"
selected_source_repeat,1,2,0,37,1,18,0,0,241945555993250,241945556786833,0,0,241945614311541,241945630948498,241945664280499,0,0,0,2875,0,0,0,0,"real-source fallback for late/missing exact-pair output"
presentation_submitted,1,2,35,37,1,18,0,0,241945555993250,0,0,0,241945614311541,241945630948498,241945664280499,0,241945614416916,0,2875,0,4687553200844982111,4687553201416059551,4687553202561338351,"external CAMetalDisplayLink drawable via DXMT Presenter"
presentation_gpu_completed,1,2,35,37,1,18,0,0,241945555993250,0,0,0,241945614311541,241945630948498,241945664280499,0,241945614416916,241945614897208,2875,0,4687553200844982111,4687553201416059551,4687553202561338351,"Metal command buffer completed"
source_displayed,1,2,33,35,1,17,0,0,241945522710000,0,0,0,241945581011333,241945597616499,241945630948498,241945617272374,241945581190958,0,7000,0,4687553199700807118,4687553200270780752,4687553201416059551,"normalized presentedTime from Core Animation clock"
source_accepted,1,2,0,0,0,20,0,0,241945622470625,241945623133000,0,0,0,0,241945705739698,0,0,0,0,0,0,0,0,"owned history copy completed successfully"
history_copy_complete,1,2,0,0,0,20,0,0,241945622470625,241945623133000,0,0,0,0,241945705739698,0,0,0,0,0,0,0,0,"Metal command buffer completed"
generated_requested,1,2,0,0,2,20,19,20,241945622470625,241945623133000,0,241945623148041,0,0,241945689124144,0,0,0,0,0,0,0,0,"exact adjacent source pair submitted"
generated_ready,1,2,0,38,2,20,19,20,0,0,241945630983708,0,241945630974166,241945647614499,241945689124144,0,0,0,2125,0,0,0,0,"Metal status completed"
selected_source,1,2,0,38,1,19,0,0,241945589249708,241945589982083,0,0,241945630974166,241945647614499,241945680946498,0,0,0,2125,0,0,0,0,"next real endpoint in source order"
presentation_submitted,1,2,36,38,1,19,0,0,241945589249708,0,0,0,241945630974166,241945647614499,241945680946498,0,241945631060333,0,2125,0,4687553201417509841,4687553201988698951,4687553203133977750,"external CAMetalDisplayLink drawable via DXMT Presenter"
presentation_gpu_completed,1,2,36,38,1,19,0,0,241945589249708,0,0,0,241945630974166,241945647614499,241945680946498,0,241945631060333,241945631535083,2125,0,4687553201417509841,4687553201988698951,4687553203133977750,"Metal command buffer completed"
source_displayed,1,2,34,36,1,18,0,0,241945555993250,0,0,0,241945597645375,241945614282499,241945647614499,241945633189041,241945597758333,0,3041,0,4687553200272342711,4687553200843420152,4687553201988698951,"normalized presentedTime from Core Animation clock"
generated_dropped,1,2,0,39,2,20,19,20,241945622470625,241945623133000,241945630983708,0,241945647660833,241945664280498,241945689124144,0,0,0,5792,0,0,0,0,"generated output was not ready by exact-pair deadline"
selected_source_repeat,1,2,0,39,1,19,0,0,241945589249708,241945589982083,0,0,241945647660833,241945664280498,241945697612499,0,0,0,5792,0,0,0,0,"real-source fallback for late/missing exact-pair output"
presentation_submitted,1,2,37,39,1,19,0,0,241945589249708,0,0,0,241945647660833,241945664280498,241945697612499,0,241945647839875,0,5792,0,4687553201990877942,4687553202561338350,4687553203706617150,"external CAMetalDisplayLink drawable via DXMT Presenter"
presentation_gpu_completed,1,2,37,39,1,19,0,0,241945589249708,0,0,0,241945647660833,241945664280498,241945697612499,0,241945647839875,241945648395208,5792,0,4687553201990877942,4687553202561338350,4687553203706617150,"Metal command buffer completed"
source_displayed,1,2,35,37,1,18,0,0,241945555993250,0,0,0,241945614311541,241945630948498,241945664280499,241945650062291,241945614416916,0,2875,0,4687553200844982111,4687553201416059551,4687553202561338351,"normalized presentedTime from Core Animation clock"
source_accepted,1,2,0,0,0,21,0,0,241945655674708,241945656465000,0,0,0,0,241945738949774,0,0,0,0,0,0,0,0,"owned history copy completed successfully"
history_copy_complete,1,2,0,0,0,21,0,0,241945655674708,241945656465000,0,0,0,0,241945738949774,0,0,0,0,0,0,0,0,"Metal command buffer completed"
generated_requested,1,2,0,0,2,21,20,21,241945655674708,241945656465000,0,241945656499750,0,0,241945722344736,0,0,0,0,0,0,0,0,"exact adjacent source pair submitted"
generated_ready,1,2,0,40,2,21,20,21,0,0,241945664394833,0,241945664353458,241945680946498,241945722344736,0,0,0,8167,0,0,0,0,"Metal status completed"
selected_source,1,2,0,40,1,20,0,0,241945622470625,241945623133000,0,0,241945664353458,241945680946498,241945714278498,0,0,0,8167,0,0,0,0,"next real endpoint in source order"
presentation_submitted,1,2,38,40,1,20,0,0,241945622470625,0,0,0,241945664353458,241945680946498,241945714278498,0,241945664600708,0,8167,0,4687553202564429318,4687553203133977750,4687553204279256549,"external CAMetalDisplayLink drawable via DXMT Presenter"
presentation_gpu_completed,1,2,38,40,1,20,0,0,241945622470625,0,0,0,241945664353458,241945680946498,241945714278498,0,241945664600708,241945665161458,8167,0,4687553202564429318,4687553203133977750,4687553204279256549,"Metal command buffer completed"
generated_dropped,1,2,0,41,2,21,20,21,241945655674708,241945656465000,241945664394833,0,241945680976500,241945697612499,241945722344736,0,0,0,4125,0,0,0,0,"generated output was not ready by exact-pair deadline"
selected_source_repeat,1,2,0,41,1,20,0,0,241945622470625,241945623133000,0,0,241945680976500,241945697612499,241945730944499,0,0,0,4125,0,0,0,0,"real-source fallback for late/missing exact-pair output"
presentation_submitted,1,2,39,41,1,20,0,0,241945622470625,0,0,0,241945680976500,241945697612499,241945730944499,0,241945681101333,0,4125,0,4687553203135569774,4687553203706617150,4687553204851895949,"external CAMetalDisplayLink drawable via DXMT Presenter"
presentation_gpu_completed,1,2,39,41,1,20,0,0,241945622470625,0,0,0,241945680976500,241945697612499,241945730944499,0,241945681101333,241945681586958,4125,0,4687553203135569774,4687553203706617150,4687553204851895949,"Metal command buffer completed"
source_accepted,1,2,0,0,0,22,0,0,241945688907291,241945689574750,0,0,0,0,241945772183814,0,0,0,0,0,0,0,0,"owned history copy completed successfully"
history_copy_complete,1,2,0,0,0,22,0,0,241945688907291,241945689574750,0,0,0,0,241945772183814,0,0,0,0,0,0,0,0,"Metal command buffer completed"
generated_requested,1,2,0,0,2,22,21,22,241945688907291,241945689574750,0,241945689590625,0,0,241945755566794,0,0,0,0,0,0,0,0,"exact adjacent source pair submitted"
generated_ready,1,2,0,42,2,22,21,22,0,0,241945697666625,0,241945697650500,241945714278498,241945755566794,0,0,0,4541,0,0,0,0,"Metal status completed"
selected_source,1,2,0,42,1,21,0,0,241945655674708,241945656465000,0,0,241945697650500,241945714278498,241945747610499,0,0,0,4541,0,0,0,0,"next real endpoint in source order"
presentation_submitted,1,2,40,42,1,21,0,0,241945655674708,0,0,0,241945697650500,241945714278498,241945747610499,0,241945697781708,0,4541,0,4687553203708492642,4687553204279256549,4687553205424535349,"external CAMetalDisplayLink drawable via DXMT Presenter"
presentation_gpu_completed,1,2,40,42,1,21,0,0,241945655674708,0,0,0,241945697650500,241945714278498,241945747610499,0,241945697781708,241945698274500,4541,0,4687553203708492642,4687553204279256549,4687553205424535349,"Metal command buffer completed"
source_displayed,1,2,36,38,1,19,0,0,241945589249708,0,0,0,241945630974166,241945647614499,241945680946498,241945697632791,241945631060333,0,2125,0,4687553201417509841,4687553201988698951,4687553203133977750,"normalized presentedTime from Core Animation clock"
generated_dropped,1,2,0,43,2,22,21,22,241945688907291,241945689574750,241945697666625,0,241945714334208,241945730944499,241945755566794,0,0,0,6417,0,0,0,0,"generated output was not ready by exact-pair deadline"
selected_source_repeat,1,2,0,43,1,21,0,0,241945655674708,241945656465000,0,0,241945714334208,241945730944499,241945764276498,0,0,0,6417,0,0,0,0,"real-source fallback for late/missing exact-pair output"
presentation_submitted,1,2,41,43,1,21,0,0,241945655674708,0,0,0,241945714334208,241945730944499,241945764276498,0,241945714508500,0,6417,0,4687553204281750517,4687553204851895949,4687553205997174748,"external CAMetalDisplayLink drawable via DXMT Presenter"
source_displayed,1,2,37,39,1,19,0,0,241945589249708,0,0,0,241945647660833,241945664280498,241945697612499,241945714299208,241945647839875,0,5792,0,4687553201990877942,4687553202561338350,4687553203706617150,"normalized presentedTime from Core Animation clock"
presentation_gpu_completed,1,2,41,43,1,21,0,0,241945655674708,0,0,0,241945714334208,241945730944499,241945764276498,0,241945714508500,241945715043250,6417,0,4687553204281750517,4687553204851895949,4687553205997174748,"Metal command buffer completed"
source_accepted,1,2,0,0,0,23,0,0,241945722096791,241945722769375,0,0,0,0,241945805375039,0,0,0,0,0,0,0,0,"owned history copy completed successfully"
history_copy_complete,1,2,0,0,0,23,0,0,241945722096791,241945722769375,0,0,0,0,241945805375039,0,0,0,0,0,0,0,0,"Metal command buffer completed"
generated_requested,1,2,0,0,2,23,22,23,241945722096791,241945722769375,0,241945722784708,0,0,241945788779426,0,0,0,0,0,0,0,0,"exact adjacent source pair submitted"
generated_ready,1,2,0,44,2,23,22,23,0,0,241945730988125,0,241945730976833,241945747610499,241945788779426,0,0,0,2875,0,0,0,0,"Metal status completed"
selected_source,1,2,0,44,1,22,0,0,241945688907291,241945689574750,0,0,241945730976833,241945747610499,241945780942499,0,0,0,2875,0,0,0,0,"next real endpoint in source order"
presentation_submitted,1,2,42,44,1,22,0,0,241945688907291,0,0,0,241945730976833,241945747610499,241945780942499,0,241945731079416,0,2875,0,4687553204853576724,4687553205424535349,4687553206569814148,"external CAMetalDisplayLink drawable via DXMT Presenter"
source_displayed,1,2,38,40,1,20,0,0,241945622470625,0,0,0,241945664353458,241945680946498,241945714278498,241945730965708,241945664600708,0,8167,0,4687553202564429318,4687553203133977750,4687553204279256549,"normalized presentedTime from Core Animation clock"
presentation_gpu_completed,1,2,42,44,1,22,0,0,241945688907291,0,0,0,241945730976833,241945747610499,241945780942499,0,241945731079416,241945731555666,2875,0,4687553204853576724,4687553205424535349,4687553206569814148,"Metal command buffer completed"
generated_dropped,1,2,0,45,2,23,22,23,241945722096791,241945722769375,241945730988125,0,241945747641750,241945764276498,241945788779426,0,0,0,2750,0,0,0,0,"generated output was not ready by exact-pair deadline"
selected_source_repeat,1,2,0,45,1,22,0,0,241945688907291,241945689574750,0,0,241945747641750,241945764276498,241945797608499,0,0,0,2750,0,0,0,0,"real-source fallback for late/missing exact-pair output"
presentation_submitted,1,2,43,45,1,22,0,0,241945688907291,0,0,0,241945747641750,241945764276498,241945797608499,0,241945747780208,0,2750,0,4687553205426167436,4687553205997174748,4687553207142453548,"external CAMetalDisplayLink drawable via DXMT Presenter"
source_displayed,1,2,39,41,1,20,0,0,241945622470625,0,0,0,241945680976500,241945697612499,241945730944499,241945747632208,241945681101333,0,4125,0,4687553203135569774,4687553203706617150,4687553204851895949,"normalized presentedTime from Core Animation clock"
presentation_gpu_completed,1,2,43,45,1,22,0,0,241945688907291,0,0,0,241945747641750,241945764276498,241945797608499,0,241945747780208,241945748278083,2750,0,4687553205426167436,4687553205997174748,4687553207142453548,"Metal command buffer completed"
source_accepted,1,2,0,0,0,24,0,0,241945755277041,241945755952416,0,0,0,0,241945838560287,0,0,0,0,0,0,0,0,"owned history copy completed successfully"
history_copy_complete,1,2,0,0,0,24,0,0,241945755277041,241945755952416,0,0,0,0,241945838560287,0,0,0,0,0,0,0,0,"Metal command buffer completed"
generated_requested,1,2,0,0,2,24,23,24,241945755277041,241945755952416,0,241945755975333,0,0,241945821967663,0,0,0,0,0,0,0,0,"exact adjacent source pair submitted"
generated_ready,1,2,0,46,2,24,23,24,0,0,241945764322916,0,241945764306833,241945780942499,241945821967663,0,0,0,2542,0,0,0,0,"Metal status completed"
selected_source,1,2,0,46,1,23,0,0,241945722096791,241945722769375,0,0,241945764306833,241945780942499,241945814274498,0,0,0,2542,0,0,0,0,"next real endpoint in source order"
presentation_submitted,1,2,44,46,1,23,0,0,241945722096791,0,0,0,241945764306833,241945780942499,241945814274498,0,241945764410000,0,2542,0,4687553205998783952,4687553206569814148,4687553207715092947,"external CAMetalDisplayLink drawable via DXMT Presenter"
source_displayed,1,2,40,42,1,21,0,0,241945655674708,0,0,0,241945697650500,241945714278498,241945747610499,241945764298708,241945697781708,0,4541,0,4687553203708492642,4687553204279256549,4687553205424535349,"normalized presentedTime from Core Animation clock"
presentation_gpu_completed,1,2,44,46,1,23,0,0,241945722096791,0,0,0,241945764306833,241945780942499,241945814274498,0,241945764410000,241945764909833,2542,0,4687553205998783952,4687553206569814148,4687553207715092947,"Metal command buffer completed"
generated_dropped,1,2,0,47,2,24,23,24,241945755277041,241945755952416,241945764322916,0,241945780980458,241945797608499,241945821967663,0,0,0,3958,0,0,0,0,"generated output was not ready by exact-pair deadline"
selected_source_repeat,1,2,0,47,1,23,0,0,241945722096791,241945722769375,0,0,241945780980458,241945797608499,241945830940499,0,0,0,3958,0,0,0,0,"real-source fallback for late/missing exact-pair output"
presentation_submitted,1,2,45,47,1,23,0,0,241945722096791,0,0,0,241945780980458,241945797608499,241945830940499,0,241945781080875,0,3958,0,4687553206571686754,4687553207142453548,4687553208287732347,"external CAMetalDisplayLink drawable via DXMT Presenter"
source_displayed,1,2,41,43,1,21,0,0,241945655674708,0,0,0,241945714334208,241945730944499,241945764276498,241945780965166,241945714508500,0,6417,0,4687553204281750517,4687553204851895949,4687553205997174748,"normalized presentedTime from Core Animation clock"
presentation_gpu_completed,1,2,45,47,1,23,0,0,241945722096791,0,0,0,241945780980458,241945797608499,241945830940499,0,241945781080875,241945781573208,3958,0,4687553206571686754,4687553207142453548,4687553208287732347,"Metal command buffer completed"
source_accepted,1,2,0,0,0,25,0,0,241945789467208,241945790375083,0,0,0,0,241945872753661,0,0,0,0,0,0,0,0,"owned history copy completed successfully"
history_copy_complete,1,2,0,0,0,25,0,0,241945789467208,241945790375083,0,0,0,0,241945872753661,0,0,0,0,0,0,0,0,"Metal command buffer completed"
generated_requested,1,2,0,0,2,25,24,25,241945789467208,241945790375083,0,241945790399333,0,0,241945855656974,0,0,0,0,0,0,0,0,"exact adjacent source pair submitted"
generated_ready,1,2,0,48,2,25,24,25,0,0,241945797679625,0,241945797656250,241945814274498,241945855656974,0,0,0,7000,0,0,0,0,"Metal status completed"
selected_source,1,2,0,48,1,24,0,0,241945755277041,241945755952416,0,0,241945797656250,241945814274498,241945847606499,0,0,0,7000,0,0,0,0,"next real endpoint in source order"
presentation_submitted,1,2,46,48,1,24,0,0,241945755277041,0,0,0,241945797656250,241945814274498,241945847606499,0,241945797942583,0,7000,0,4687553207144676932,4687553207715092947,4687553208860371747,"external CAMetalDisplayLink drawable via DXMT Presenter"
source_displayed,1,2,42,44,1,22,0,0,241945688907291,0,0,0,241945730976833,241945747610499,241945780942499,241945797631624,241945731079416,0,2875,0,4687553204853576724,4687553205424535349,4687553206569814148,"normalized presentedTime from Core Animation clock"
presentation_gpu_completed,1,2,46,48,1,24,0,0,241945755277041,0,0,0,241945797656250,241945814274498,241945847606499,0,241945797942583,241945798539125,7000,0,4687553207144676932,4687553207715092947,4687553208860371747,"Metal command buffer completed"
generated_dropped,1,2,0,49,2,25,24,25,241945789467208,241945790375083,241945797679625,0,241945814336375,241945830940499,241945855656974,0,0,0,5958,0,0,0,0,"generated output was not ready by exact-pair deadline"
selected_source_repeat,1,2,0,49,1,24,0,0,241945755277041,241945755952416,0,0,241945814336375,241945830940499,241945864272498,0,0,0,5958,0,0,0,0,"real-source fallback for late/missing exact-pair output"
presentation_submitted,1,2,47,49,1,24,0,0,241945755277041,0,0,0,241945814336375,241945830940499,241945864272498,0,241945814535166,0,5958,0,4687553207717801663,4687553208287732347,4687553209433011146,"external CAMetalDisplayLink drawable via DXMT Presenter"
presentation_gpu_completed,1,2,47,49,1,24,0,0,241945755277041,0,0,0,241945814336375,241945830940499,241945864272498,0,241945814535166,241945815091000,5958,0,4687553207717801663,4687553208287732347,4687553209433011146,"Metal command buffer completed"
source_displayed,1,2,43,45,1,22,0,0,241945688907291,0,0,0,241945747641750,241945764276498,241945797608499,241945814298124,241945747780208,0,2750,0,4687553205426167436,4687553205997174748,4687553207142453548,"normalized presentedTime from Core Animation clock"
source_accepted,1,2,0,0,0,26,0,0,241945822768000,241945823717416,0,0,0,0,241945906052014,0,0,0,0,0,0,0,0,"owned history copy completed successfully"
history_copy_complete,1,2,0,0,0,26,0,0,241945822768000,241945823717416,0,0,0,0,241945906052014,0,0,0,0,0,0,0,0,"Metal command buffer completed"
generated_requested,1,2,0,0,2,26,25,26,241945822768000,241945823717416,0,241945823744041,0,0,241945889402837,0,0,0,0,0,0,0,0,"exact adjacent source pair submitted"
generated_ready,1,2,0,50,2,26,25,26,0,0,241945830997833,0,241945830984125,241945847606499,241945889402837,0,0,0,4000,0,0,0,0,"Metal status completed"
selected_source,1,2,0,50,1,25,0,0,241945789467208,241945790375083,0,0,241945830984125,241945847606499,241945880938499,0,0,0,4000,0,0,0,0,"next real endpoint in source order"
presentation_submitted,1,2,48,50,1,25,0,0,241945789467208,0,0,0,241945830984125,241945847606499,241945880938499,0,241945831114166,0,4000,0,4687553208289805407,4687553208860371747,4687553210005650546,"external CAMetalDisplayLink drawable via DXMT Presenter"
presentation_gpu_completed,1,2,48,50,1,25,0,0,241945789467208,0,0,0,241945830984125,241945847606499,241945880938499,0,241945831114166,241945831610000,4000,0,4687553208289805407,4687553208860371747,4687553210005650546,"Metal command buffer completed"
source_displayed,1,2,44,46,1,23,0,0,241945722096791,0,0,0,241945764306833,241945780942499,241945814274498,241945830964583,241945764410000,0,2542,0,4687553205998783952,4687553206569814148,4687553207715092947,"normalized presentedTime from Core Animation clock"
generated_dropped,1,2,0,51,2,26,25,26,241945822768000,241945823717416,241945830997833,0,241945847676500,241945864272498,241945889402837,0,0,0,7000,0,0,0,0,"generated output was not ready by exact-pair deadline"
selected_source_repeat,1,2,0,51,1,25,0,0,241945789467208,241945790375083,0,0,241945847676500,241945864272498,241945897604499,0,0,0,7000,0,0,0,0,"real-source fallback for late/missing exact-pair output"
presentation_submitted,1,2,49,51,1,25,0,0,241945789467208,0,0,0,241945847676500,241945864272498,241945897604499,0,241945847909750,0,7000,0,4687553208863362487,4687553209433011146,4687553210578289946,"external CAMetalDisplayLink drawable via DXMT Presenter"
presentation_gpu_completed,1,2,49,51,1,25,0,0,241945789467208,0,0,0,241945847676500,241945864272498,241945897604499,0,241945847909750,241945848486208,7000,0,4687553208863362487,4687553209433011146,4687553210578289946,"Metal command buffer completed"
source_displayed,1,2,45,47,1,23,0,0,241945722096791,0,0,0,241945780980458,241945797608499,241945830940499,241945847631083,241945781080875,0,3958,0,4687553206571686754,4687553207142453548,4687553208287732347,"normalized presentedTime from Core Animation clock"
source_accepted,1,2,0,0,0,27,0,0,241945856111791,241945856980208,0,0,0,0,241945939393373,0,0,0,0,0,0,0,0,"owned history copy completed successfully"
history_copy_complete,1,2,0,0,0,27,0,0,241945856111791,241945856980208,0,0,0,0,241945939393373,0,0,0,0,0,0,0,0,"Metal command buffer completed"
generated_requested,1,2,0,0,2,27,26,27,241945856111791,241945856980208,0,241945857005333,0,0,241945922722693,0,0,0,0,0,0,0,0,"exact adjacent source pair submitted"
generated_ready,1,2,0,52,2,27,26,27,0,0,241945864332000,0,241945864309416,241945880938499,241945922722693,0,0,0,6834,0,0,0,0,"Metal status completed"
selected_source,1,2,0,52,1,26,0,0,241945822768000,241945823717416,0,0,241945864309416,241945880938499,241945914270498,0,0,0,6834,0,0,0,0,"next real endpoint in source order"
presentation_submitted,1,2,50,52,1,26,0,0,241945822768000,0,0,0,241945864309416,241945880938499,241945914270498,0,241945864503250,0,6834,0,4687553209434863720,4687553210005650546,4687553211150929345,"external CAMetalDisplayLink drawable via DXMT Presenter"
presentation_gpu_completed,1,2,50,52,1,26,0,0,241945822768000,0,0,0,241945864309416,241945880938499,241945914270498,0,241945864503250,241945865042500,6834,0,4687553209434863720,4687553210005650546,4687553211150929345,"Metal command buffer completed"
source_displayed,1,2,46,48,1,24,0,0,241945755277041,0,0,0,241945797656250,241945814274498,241945847606499,241945864297541,241945797942583,0,7000,0,4687553207144676932,4687553207715092947,4687553208860371747,"normalized presentedTime from Core Animation clock"
generated_dropped,1,2,0,53,2,27,26,27,241945856111791,241945856980208,241945864332000,0,241945880969083,241945897604498,241945922722693,0,0,0,2125,0,0,0,0,"generated output was not ready by exact-pair deadline"
selected_source_repeat,1,2,0,53,1,26,0,0,241945822768000,241945823717416,0,0,241945880969083,241945897604498,241945930936499,0,0,0,2125,0,0,0,0,"real-source fallback for late/missing exact-pair output"
presentation_submitted,1,2,51,53,1,26,0,0,241945822768000,0,0,0,241945880969083,241945897604498,241945930936499,0,241945881040541,0,2125,0,4687553210007265454,4687553210578289945,4687553211723568745,"external CAMetalDisplayLink drawable via DXMT Presenter"
presentation_gpu_completed,1,2,51,53,1,26,0,0,241945822768000,0,0,0,241945880969083,241945897604498,241945930936499,0,241945881040541,241945881521083,2125,0,4687553210007265454,4687553210578289945,4687553211723568745,"Metal command buffer completed"
source_displayed,1,2,47,49,1,24,0,0,241945755277041,0,0,0,241945814336375,241945830940499,241945864272498,241945880964041,241945814535166,0,5958,0,4687553207717801663,4687553208287732347,4687553209433011146,"normalized presentedTime from Core Animation clock"
source_accepted,1,2,0,0,0,28,0,0,241945889389291,241945890078416,0,0,0,0,241945972674672,0,0,0,0,0,0,0,0,"owned history copy completed successfully"
history_copy_complete,1,2,0,0,0,28,0,0,241945889389291,241945890078416,0,0,0,0,241945972674672,0,0,0,0,0,0,0,0,"Metal command buffer completed"
generated_requested,1,2,0,0,2,28,27,28,241945889389291,241945890078416,0,241945890093375,0,0,241945956034022,0,0,0,0,0,0,0,0,"exact adjacent source pair submitted"
generated_ready,1,2,0,54,2,28,27,28,0,0,241945897635791,0,241945897627416,241945914270498,241945956034022,0,0,0,1625,0,0,0,0,"Metal status completed"
selected_source,1,2,0,54,1,27,0,0,241945856111791,241945856980208,0,0,241945897627416,241945914270498,241945947602498,0,0,0,1625,0,0,0,0,"next real endpoint in source order"
presentation_submitted,1,2,52,54,1,27,0,0,241945856111791,0,0,0,241945897627416,241945914270498,241945947602498,0,241945897712958,0,1625,0,4687553210579637156,4687553211150929345,4687553212296208144,"external CAMetalDisplayLink drawable via DXMT Presenter"
presentation_gpu_completed,1,2,52,54,1,27,0,0,241945856111791,0,0,0,241945897627416,241945914270498,241945947602498,0,241945897712958,241945898200041,1625,0,4687553210579637156,4687553211150929345,4687553212296208144,"Metal command buffer completed"
source_displayed,1,2,48,50,1,25,0,0,241945789467208,0,0,0,241945830984125,241945847606499,241945880938499,241945897630541,241945831114166,0,4000,0,4687553208289805407,4687553208860371747,4687553210005650546,"normalized presentedTime from Core Animation clock"
generated_dropped,1,2,0,55,2,28,27,28,241945889389291,241945890078416,241945897635791,0,241945914309166,241945930936499,241945956034022,0,0,0,4667,0,0,0,0,"generated output was not ready by exact-pair deadline"
selected_source_repeat,1,2,0,55,1,27,0,0,241945856111791,241945856980208,0,0,241945914309166,241945930936499,241945964268499,0,0,0,4667,0,0,0,0,"real-source fallback for late/missing exact-pair output"
presentation_submitted,1,2,53,55,1,27,0,0,241945856111791,0,0,0,241945914309166,241945930936499,241945964268499,0,241945914421666,0,4667,0,4687553211152827721,4687553211723568745,4687553212868847544,"external CAMetalDisplayLink drawable via DXMT Presenter"
presentation_gpu_completed,1,2,53,55,1,27,0,0,241945856111791,0,0,0,241945914309166,241945930936499,241945964268499,0,241945914421666,241945914926166,4667,0,4687553211152827721,4687553211723568745,4687553212868847544,"Metal command buffer completed"
source_displayed,1,2,49,51,1,25,0,0,241945789467208,0,0,0,241945847676500,241945864272498,241945897604499,241945914297041,241945847909750,0,7000,0,4687553208863362487,4687553209433011146,4687553210578289946,"normalized presentedTime from Core Animation clock"
source_accepted,1,2,0,0,0,29,0,0,241945922620583,241945923348708,0,0,0,0,241946005909393,0,0,0,0,0,0,0,0,"owned history copy completed successfully"
history_copy_complete,1,2,0,0,0,29,0,0,241945922620583,241945923348708,0,0,0,0,241946005909393,0,0,0,0,0,0,0,0,"Metal command buffer completed"
generated_requested,1,2,0,0,2,29,28,29,241945922620583,241945923348708,0,241945923363958,0,0,241945989292032,0,0,0,0,0,0,0,0,"exact adjacent source pair submitted"
generated_ready,1,2,0,56,2,29,28,29,0,0,241945930986500,0,241945930977083,241945947602498,241945989292032,0,0,0,2083,0,0,0,0,"Metal status completed"
selected_source,1,2,0,56,1,28,0,0,241945889389291,241945890078416,0,0,241945930977083,241945947602498,241945980934499,0,0,0,2083,0,0,0,0,"next real endpoint in source order"
presentation_submitted,1,2,54,56,1,28,0,0,241945889389291,0,0,0,241945930977083,241945947602498,241945980934499,0,241945931051791,0,2083,0,4687553211725527250,4687553212296208144,4687553213441486944,"external CAMetalDisplayLink drawable via DXMT Presenter"
presentation_gpu_completed,1,2,54,56,1,28,0,0,241945889389291,0,0,0,241945930977083,241945947602498,241945980934499,0,241945931051791,241945931514083,2083,0,4687553211725527250,4687553212296208144,4687553213441486944,"Metal command buffer completed"
source_displayed,1,2,50,52,1,26,0,0,241945822768000,0,0,0,241945864309416,241945880938499,241945914270498,241945930963541,241945864503250,0,6834,0,4687553209434863720,4687553210005650546,4687553211150929345,"normalized presentedTime from Core Animation clock"
generated_dropped,1,2,0,57,2,29,28,29,241945922620583,241945923348708,241945930986500,0,241945947624375,241945964268499,241945989292032,0,0,0,1208,0,0,0,0,"generated output was not ready by exact-pair deadline"
selected_source_repeat,1,2,0,57,1,28,0,0,241945889389291,241945890078416,0,0,241945947624375,241945964268499,241945997600498,0,0,0,1208,0,0,0,0,"real-source fallback for late/missing exact-pair output"
presentation_submitted,1,2,55,57,1,28,0,0,241945889389291,0,0,0,241945947624375,241945964268499,241945997600498,0,241945947719208,0,1208,0,4687553212297519553,4687553212868847544,4687553214014126343,"external CAMetalDisplayLink drawable via DXMT Presenter"
presentation_gpu_completed,1,2,55,57,1,28,0,0,241945889389291,0,0,0,241945947624375,241945964268499,241945997600498,0,241945947719208,241945948191291,1208,0,4687553212297519553,4687553212868847544,4687553214014126343,"Metal command buffer completed"
source_displayed,1,2,51,53,1,26,0,0,241945822768000,0,0,0,241945880969083,241945897604498,241945930936499,241945947629958,241945881040541,0,2125,0,4687553210007265454,4687553210578289945,4687553211723568745,"normalized presentedTime from Core Animation clock"
source_accepted,1,2,0,0,0,30,0,0,241945955839958,241945956617666,0,0,0,0,241946039131560,0,0,0,0,0,0,0,0,"owned history copy completed successfully"
history_copy_complete,1,2,0,0,0,30,0,0,241945955839958,241945956617666,0,0,0,0,241946039131560,0,0,0,0,0,0,0,0,"Metal command buffer completed"
generated_requested,1,2,0,0,2,30,29,30,241945955839958,241945956617666,0,241945956637958,0,0,241946022520476,0,0,0,0,0,0,0,0,"exact adjacent source pair submitted"
generated_ready,1,2,0,58,2,30,29,30,0,0,241945964308666,0,241945964295625,241945980934499,241946022520476,0,0,0,1958,0,0,0,0,"Metal status completed"
selected_source,1,2,0,58,1,29,0,0,241945922620583,241945923348708,0,0,241945964295625,241945980934499,241946014266499,0,0,0,1958,0,0,0,0,"next real endpoint in source order"
presentation_submitted,1,2,56,58,1,29,0,0,241945922620583,0,0,0,241945964295625,241945980934499,241946014266499,0,241945964375291,0,1958,0,4687553212870343636,4687553213441486944,4687553214586765743,"external CAMetalDisplayLink drawable via DXMT Presenter"
presentation_gpu_completed,1,2,56,58,1,29,0,0,241945922620583,0,0,0,241945964295625,241945980934499,241946014266499,0,241945964375291,241945964917750,1958,0,4687553212870343636,4687553213441486944,4687553214586765743,"Metal command buffer completed"
source_displayed,1,2,52,54,1,27,0,0,241945856111791,0,0,0,241945897627416,241945914270498,241945947602498,241945964296416,241945897712958,0,1625,0,4687553210579637156,4687553211150929345,4687553212296208144,"normalized presentedTime from Core Animation clock"
generated_dropped,1,2,0,59,2,30,29,30,241945955839958,241945956617666,241945964308666,0,241945980953791,241945997600498,241946022520476,0,0,0,1292,0,0,0,0,"generated output was not ready by exact-pair deadline"
selected_source_repeat,1,2,0,59,1,29,0,0,241945922620583,241945923348708,0,0,241945980953791,241945997600498,241946030932499,0,0,0,1292,0,0,0,0,"real-source fallback for late/missing exact-pair output"
presentation_submitted,1,2,57,59,1,29,0,0,241945922620583,0,0,0,241945980953791,241945997600498,241946030932499,0,241945981006333,0,1292,0,4687553213442709601,4687553214014126343,4687553215159405143,"external CAMetalDisplayLink drawable via DXMT Presenter"
presentation_gpu_completed,1,2,57,59,1,29,0,0,241945922620583,0,0,0,241945980953791,241945997600498,241946030932499,0,241945981006333,241945981556708,1292,0,4687553213442709601,4687553214014126343,4687553215159405143,"Metal command buffer completed"
source_displayed,1,2,53,55,1,27,0,0,241945856111791,0,0,0,241945914309166,241945930936499,241945964268499,241945980962958,241945914421666,0,4667,0,4687553211152827721,4687553211723568745,4687553212868847544,"normalized presentedTime from Core Animation clock"
source_accepted,1,2,0,0,0,31,0,0,241945989025333,241945989789125,0,0,0,0,241946072320868,0,0,0,0,0,0,0,0,"owned history copy completed successfully"
history_copy_complete,1,2,0,0,0,31,0,0,241945989025333,241945989789125,0,0,0,0,241946072320868,0,0,0,0,0,0,0,0,"Metal command buffer completed"
generated_requested,1,2,0,0,2,31,30,31,241945989025333,241945989789125,0,241945989802791,0,0,241946055726214,0,0,0,0,0,0,0,0,"exact adjacent source pair submitted"
generated_ready,1,2,0,60,2,31,30,31,0,0,241945997640625,0,241945997631416,241946014266499,241946055726214,0,0,0,2417,0,0,0,0,"Metal status completed"
selected_source,1,2,0,60,1,30,0,0,241945955839958,241945956617666,0,0,241945997631416,241946014266499,241946047598498,0,0,0,2417,0,0,0,0,"next real endpoint in source order"
presentation_submitted,1,2,58,60,1,30,0,0,241945955839958,0,0,0,241945997631416,241946014266499,241946047598498,0,241945997718708,0,2417,0,4687553214015746989,4687553214586765743,4687553215732044542,"external CAMetalDisplayLink drawable via DXMT Presenter"
presentation_gpu_completed,1,2,58,60,1,30,0,0,241945955839958,0,0,0,241945997631416,241946014266499,241946047598498,0,241945997718708,241945998323500,2417,0,4687553214015746989,4687553214586765743,4687553215732044542,"Metal command buffer completed"
source_displayed,1,2,54,56,1,28,0,0,241945889389291,0,0,0,241945930977083,241945947602498,241945980934499,241945997629458,241945931051791,0,2083,0,4687553211725527250,4687553212296208144,4687553213441486944,"normalized presentedTime from Core Animation clock"
generated_dropped,1,2,0,61,2,31,30,31,241945989025333,241945989789125,241945997640625,0,241946014332000,241946030932499,241946055726214,0,0,0,7625,0,0,0,0,"generated output was not ready by exact-pair deadline"
selected_source_repeat,1,2,0,61,1,30,0,0,241945955839958,241945956617666,0,0,241946014332000,241946030932499,241946064264499,0,0,0,7625,0,0,0,0,"real-source fallback for late/missing exact-pair output"
presentation_submitted,1,2,59,61,1,30,0,0,241945955839958,0,0,0,241946014332000,241946030932499,241946064264499,0,241946014520375,0,7625,0,4687553214589601864,4687553215159405143,4687553216304683942,"external CAMetalDisplayLink drawable via DXMT Presenter"
presentation_gpu_completed,1,2,59,61,1,30,0,0,241945955839958,0,0,0,241946014332000,241946030932499,241946064264499,0,241946014520375,241946015066375,7625,0,4687553214589601864,4687553215159405143,4687553216304683942,"Metal command buffer completed"
source_displayed,1,2,55,57,1,28,0,0,241945889389291,0,0,0,241945947624375,241945964268499,241945997600498,241946014295916,241945947719208,0,1208,0,4687553212297519553,4687553212868847544,4687553214014126343,"normalized presentedTime from Core Animation clock"
source_accepted,1,2,0,0,0,32,0,0,241946022172208,241946022974500,0,0,0,0,241946105464563,0,0,0,0,0,0,0,0,"owned history copy completed successfully"
history_copy_complete,1,2,0,0,0,32,0,0,241946022172208,241946022974500,0,0,0,0,241946105464563,0,0,0,0,0,0,0,0,"Metal command buffer completed"
generated_requested,1,2,0,0,2,32,31,32,241946022172208,241946022974500,0,241946022994958,0,0,241946088892715,0,0,0,0,0,0,0,0,"exact adjacent source pair submitted"
generated_ready,1,2,0,62,2,32,31,32,0,0,241946031002541,0,241946030987041,241946047598498,241946088892715,0,0,0,4375,0,0,0,0,"Metal status completed"
selected_source,1,2,0,62,1,31,0,0,241945989025333,241945989789125,0,0,241946030987041,241946047598498,241946080930499,0,0,0,4375,0,0,0,0,"next real endpoint in source order"
presentation_submitted,1,2,60,62,1,31,0,0,241945989025333,0,0,0,241946030987041,241946047598498,241946080930499,0,241946031132000,0,4375,0,4687553215161851865,4687553215732044542,4687553216877323342,"external CAMetalDisplayLink drawable via DXMT Presenter"
presentation_gpu_completed,1,2,60,62,1,31,0,0,241945989025333,0,0,0,241946030987041,241946047598498,241946080930499,0,241946031132000,241946031654458,4375,0,4687553215161851865,4687553215732044542,4687553216877323342,"Metal command buffer completed"
source_displayed,1,2,56,58,1,29,0,0,241945922620583,0,0,0,241945964295625,241945980934499,241946014266499,241946030962458,241945964375291,0,1958,0,4687553212870343636,4687553213441486944,4687553214586765743,"normalized presentedTime from Core Animation clock"
source_displayed,1,2,57,59,1,29,0,0,241945922620583,0,0,0,241945980953791,241945997600498,241946030932499,241946032142833,241945981006333,0,1292,0,4687553213442709601,4687553214014126343,4687553215159405143,"normalized presentedTime from Core Animation clock"
source_displayed,1,2,58,60,1,30,0,0,241945955839958,0,0,0,241945997631416,241946014266499,241946047598498,241946037957999,241945997718708,0,2417,0,4687553214015746989,4687553214586765743,4687553215732044542,"normalized presentedTime from Core Animation clock"
generated_dropped,1,2,0,63,2,32,31,32,241946022172208,241946022974500,241946031002541,0,241946047651958,241946064264499,241946088892715,0,0,0,4375,0,0,0,0,"generated output was not ready by exact-pair deadline"
selected_source_repeat,1,2,0,63,1,31,0,0,241945989025333,241945989789125,0,0,241946047651958,241946064264499,241946097596498,0,0,0,4375,0,0,0,0,"real-source fallback for late/missing exact-pair output"
presentation_submitted,1,2,61,63,1,31,0,0,241945989025333,0,0,0,241946047651958,241946064264499,241946097596498,0,241946047803750,0,4375,0,4687553215734464052,4687553216304683942,4687553217449962741,"external CAMetalDisplayLink drawable via DXMT Presenter"
presentation_gpu_completed,1,2,61,63,1,31,0,0,241945989025333,0,0,0,241946047651958,241946064264499,241946097596498,0,241946047803750,241946048338250,4375,0,4687553215734464052,4687553216304683942,4687553217449962741,"Metal command buffer completed"
source_accepted,1,2,0,0,0,33,0,0,241946055424125,241946056138125,0,0,0,0,241946138712967,0,0,0,0,0,0,0,0,"owned history copy completed successfully"
history_copy_complete,1,2,0,0,0,33,0,0,241946055424125,241946056138125,0,0,0,0,241946138712967,0,0,0,0,0,0,0,0,"Metal command buffer completed"
generated_requested,1,2,0,0,2,33,32,33,241946055424125,241946056138125,0,241946056154375,0,0,241946122088765,0,0,0,0,0,0,0,0,"exact adjacent source pair submitted"
source_displayed,1,2,59,61,1,30,0,0,241945955839958,0,0,0,241946014332000,241946030932499,241946064264499,241946050558291,241946014520375,0,7625,0,4687553214589601864,4687553215159405143,4687553216304683942,"normalized presentedTime from Core Animation clock"
generated_ready,1,2,0,64,2,33,32,33,0,0,241946064296708,0,241946064285208,241946080930499,241946122088765,0,0,0,1875,0,0,0,0,"Metal status completed"
selected_source,1,2,0,64,1,32,0,0,241946022172208,241946022974500,0,0,241946064285208,241946080930499,241946114262499,0,0,0,1875,0,0,0,0,"next real endpoint in source order"
presentation_submitted,1,2,62,64,1,32,0,0,241946022172208,0,0,0,241946064285208,241946080930499,241946114262499,0,241946064377250,0,1875,0,4687553216305959547,4687553216877323342,4687553218022602141,"external CAMetalDisplayLink drawable via DXMT Presenter"
presentation_gpu_completed,1,2,62,64,1,32,0,0,241946022172208,0,0,0,241946064285208,241946080930499,241946114262499,0,241946064377250,241946064856458,1875,0,4687553216305959547,4687553216877323342,4687553218022602141,"Metal command buffer completed"
source_displayed,1,2,60,62,1,31,0,0,241945989025333,0,0,0,241946030987041,241946047598498,241946080930499,241946066682749,241946031132000,0,4375,0,4687553215161851865,4687553215732044542,4687553216877323342,"normalized presentedTime from Core Animation clock"
generated_dropped,1,2,0,65,2,33,32,33,241946055424125,241946056138125,241946064296708,0,241946080949208,241946097596498,241946122088765,0,0,0,1625,0,0,0,0,"generated output was not ready by exact-pair deadline"
selected_source_repeat,1,2,0,65,1,32,0,0,241946022172208,241946022974500,0,0,241946080949208,241946097596498,241946130928499,0,0,0,1625,0,0,0,0,"real-source fallback for late/missing exact-pair output"
presentation_submitted,1,2,63,65,1,32,0,0,241946022172208,0,0,0,241946080949208,241946097596498,241946130928499,0,241946081011125,0,1625,0,4687553216878531670,4687553217449962741,4687553218595241541,"external CAMetalDisplayLink drawable via DXMT Presenter"
presentation_gpu_completed,1,2,63,65,1,32,0,0,241946022172208,0,0,0,241946080949208,241946097596498,241946130928499,0,241946081011125,241946081526666,1625,0,4687553216878531670,4687553217449962741,4687553218595241541,"Metal command buffer completed"
source_accepted,1,2,0,0,0,34,0,0,241946088621833,241946089272833,0,0,0,0,241946171916029,0,0,0,0,0,0,0,0,"owned history copy completed successfully"
history_copy_complete,1,2,0,0,0,34,0,0,241946088621833,241946089272833,0,0,0,0,241946171916029,0,0,0,0,0,0,0,0,"Metal command buffer completed"
generated_requested,1,2,0,0,2,34,33,34,241946088621833,241946089272833,0,241946089302291,0,0,241946155314498,0,0,0,0,0,0,0,0,"exact adjacent source pair submitted"
source_displayed,1,2,61,63,1,31,0,0,241945989025333,0,0,0,241946047651958,241946064264499,241946097596498,241946084429208,241946047803750,0,4375,0,4687553215734464052,4687553216304683942,4687553217449962741,"normalized presentedTime from Core Animation clock"
generated_ready,1,2,0,66,2,34,33,34,0,0,241946097629666,0,241946097621875,241946114262499,241946155314498,0,0,0,1375,0,0,0,0,"Metal status completed"
selected_source,1,2,0,66,1,33,0,0,241946055424125,241946056138125,0,0,241946097621875,241946114262499,241946147594499,0,0,0,1375,0,0,0,0,"next real endpoint in source order"
presentation_submitted,1,2,64,66,1,33,0,0,241946055424125,0,0,0,241946097621875,241946114262499,241946147594499,0,241946097686833,0,1375,0,4687553217451394408,4687553218022602141,4687553219167880940,"external CAMetalDisplayLink drawable via DXMT Presenter"
presentation_gpu_completed,1,2,64,66,1,33,0,0,241946055424125,0,0,0,241946097621875,241946114262499,241946147594499,0,241946097686833,241946098180791,1375,0,4687553217451394408,4687553218022602141,4687553219167880940,"Metal command buffer completed"
source_displayed,1,2,62,64,1,32,0,0,241946022172208,0,0,0,241946064285208,241946080930499,241946114262499,241946100716666,241946064377250,0,1875,0,4687553216305959547,4687553216877323342,4687553218022602141,"normalized presentedTime from Core Animation clock"
generated_dropped,1,2,0,67,2,34,33,34,241946088621833,241946089272833,241946097629666,0,241946114285875,241946130928498,241946155314498,0,0,0,1958,0,0,0,0,"generated output was not ready by exact-pair deadline"
selected_source_repeat,1,2,0,67,1,33,0,0,241946055424125,241946056138125,0,0,241946114285875,241946130928498,241946164260499,0,0,0,1958,0,0,0,0,"real-source fallback for late/missing exact-pair output"
presentation_submitted,1,2,65,67,1,33,0,0,241946055424125,0,0,0,241946114285875,241946130928498,241946164260499,0,241946114354500,0,1958,0,4687553218023965089,4687553218595241540,4687553219740520340,"external CAMetalDisplayLink drawable via DXMT Presenter"
presentation_gpu_completed,1,2,65,67,1,33,0,0,241946055424125,0,0,0,241946114285875,241946130928498,241946164260499,0,241946114354500,241946114866333,1958,0,4687553218023965089,4687553218595241540,4687553219740520340,"Metal command buffer completed"
source_accepted,1,2,0,0,0,35,0,0,241946122763166,241946123524166,0,0,0,0,241946206060368,0,0,0,0,0,0,0,0,"owned history copy completed successfully"
history_copy_complete,1,2,0,0,0,35,0,0,241946122763166,241946123524166,0,0,0,0,241946206060368,0,0,0,0,0,0,0,0,"Metal command buffer completed"
generated_requested,1,2,0,0,2,35,34,35,241946122763166,241946123524166,0,241946123541375,0,0,241946188988198,0,0,0,0,0,0,0,0,"exact adjacent source pair submitted"
generated_ready,1,2,0,68,2,35,34,35,0,0,241946130996750,0,241946130983041,241946147594499,241946188988198,0,0,0,4167,0,0,0,0,"Metal status completed"
selected_source,1,2,0,68,1,34,0,0,241946088621833,241946089272833,0,0,241946130983041,241946147594499,241946180926498,0,0,0,4167,0,0,0,0,"next real endpoint in source order"
presentation_submitted,1,2,66,68,1,34,0,0,241946088621833,0,0,0,241946130983041,241946147594499,241946180926498,0,241946131126875,0,4167,0,4687553218597689672,4687553219167880940,4687553220313159739,"external CAMetalDisplayLink drawable via DXMT Presenter"
presentation_gpu_completed,1,2,66,68,1,34,0,0,241946088621833,0,0,0,241946130983041,241946147594499,241946180926498,0,241946131126875,241946131650416,4167,0,4687553218597689672,4687553219167880940,4687553220313159739,"Metal command buffer completed"
generated_dropped,1,2,0,69,2,35,34,35,241946122763166,241946123524166,241946130996750,0,241946147643750,241946164260499,241946188988198,0,0,0,6375,0,0,0,0,"generated output was not ready by exact-pair deadline"
selected_source_repeat,1,2,0,69,1,34,0,0,241946088621833,241946089272833,0,0,241946147643750,241946164260499,241946197592499,0,0,0,6375,0,0,0,0,"real-source fallback for late/missing exact-pair output"
presentation_submitted,1,2,67,69,1,34,0,0,241946088621833,0,0,0,241946147643750,241946164260499,241946197592499,0,241946147852666,0,6375,0,4687553219170150126,4687553219740520340,4687553220885799139,"external CAMetalDisplayLink drawable via DXMT Presenter"
presentation_gpu_completed,1,2,67,69,1,34,0,0,241946088621833,0,0,0,241946147643750,241946164260499,241946197592499,0,241946147852666,241946148396458,6375,0,4687553219170150126,4687553219740520340,4687553220885799139,"Metal command buffer completed"
source_displayed,1,2,63,65,1,32,0,0,241946022172208,0,0,0,241946080949208,241946097596498,241946130928499,241946147627749,241946081011125,0,1625,0,4687553216878531670,4687553217449962741,4687553218595241541,"normalized presentedTime from Core Animation clock"
source_accepted,1,2,0,0,0,36,0,0,241946155115708,241946155885083,0,0,0,0,241946238408787,0,0,0,0,0,0,0,0,"owned history copy completed successfully"
history_copy_complete,1,2,0,0,0,36,0,0,241946155115708,241946155885083,0,0,0,0,241946238408787,0,0,0,0,0,0,0,0,"Metal command buffer completed"
generated_requested,1,2,0,0,2,36,35,36,241946155115708,241946155885083,0,241946155902750,0,0,241946222234577,0,0,0,0,0,0,0,0,"exact adjacent source pair submitted"
generated_ready,1,2,0,70,2,36,35,36,0,0,241946164354791,0,241946164334541,241946180926498,241946222234577,0,0,0,6792,0,0,0,0,"Metal status completed"
selected_source,1,2,0,70,1,35,0,0,241946122763166,241946123524166,0,0,241946164334541,241946180926498,241946214258499,0,0,0,6792,0,0,0,0,"next real endpoint in source order"
presentation_submitted,1,2,68,70,1,35,0,0,241946122763166,0,0,0,241946164334541,241946180926498,241946214258499,0,241946164532083,0,6792,0,4687553219743645667,4687553220313159739,4687553221458438539,"external CAMetalDisplayLink drawable via DXMT Presenter"
presentation_gpu_completed,1,2,68,70,1,35,0,0,241946122763166,0,0,0,241946164334541,241946180926498,241946214258499,0,241946164532083,241946165061375,6792,0,4687553219743645667,4687553220313159739,4687553221458438539,"Metal command buffer completed"
source_displayed,1,2,64,66,1,33,0,0,241946055424125,0,0,0,241946097621875,241946114262499,241946147594499,241946164294208,241946097686833,0,1375,0,4687553217451394408,4687553218022602141,4687553219167880940,"normalized presentedTime from Core Animation clock"
generated_dropped,1,2,0,71,2,36,35,36,241946155115708,241946155885083,241946164354791,0,241946180994333,241946197592499,241946222234577,0,0,0,6917,0,0,0,0,"generated output was not ready by exact-pair deadline"
selected_source_repeat,1,2,0,71,1,35,0,0,241946122763166,241946123524166,0,0,241946180994333,241946197592499,241946230924498,0,0,0,6917,0,0,0,0,"real-source fallback for late/missing exact-pair output"
presentation_submitted,1,2,69,71,1,35,0,0,241946122763166,0,0,0,241946180994333,241946197592499,241946230924498,0,241946181173750,0,6917,0,4687553220316074613,4687553220885799139,4687553222031077938,"external CAMetalDisplayLink drawable via DXMT Presenter"
presentation_gpu_completed,1,2,69,71,1,35,0,0,241946122763166,0,0,0,241946180994333,241946197592499,241946230924498,0,241946181173750,241946181701333,6917,0,4687553220316074613,4687553220885799139,4687553222031077938,"Metal command buffer completed"
source_displayed,1,2,65,67,1,33,0,0,241946055424125,0,0,0,241946114285875,241946130928498,241946164260499,241946180960749,241946114354500,0,1958,0,4687553218023965089,4687553218595241540,4687553219740520340,"normalized presentedTime from Core Animation clock"
source_accepted,1,2,0,0,0,37,0,0,241946189313916,241946190030458,0,0,0,0,241946272599382,0,0,0,0,0,0,0,0,"owned history copy completed successfully"
history_copy_complete,1,2,0,0,0,37,0,0,241946189313916,241946190030458,0,0,0,0,241946272599382,0,0,0,0,0,0,0,0,"Metal command buffer completed"
generated_requested,1,2,0,0,2,37,36,37,241946189313916,241946190030458,0,241946190070958,0,0,241946255504084,0,0,0,0,0,0,0,0,"exact adjacent source pair submitted"
generated_ready,1,2,0,72,2,37,36,37,0,0,241946197665083,0,241946197650416,241946214258499,241946255504084,0,0,0,4959,0,0,0,0,"Metal status completed"
selected_source,1,2,0,72,1,36,0,0,241946155115708,241946155885083,0,0,241946197650416,241946214258499,241946247590499,0,0,0,4959,0,0,0,0,"next real endpoint in source order"
presentation_submitted,1,2,70,72,1,36,0,0,241946155115708,0,0,0,241946197650416,241946214258499,241946247590499,0,241946197806291,0,4959,0,4687553220888366121,4687553221458438539,4687553222603717338,"external CAMetalDisplayLink drawable via DXMT Presenter"
presentation_gpu_completed,1,2,70,72,1,36,0,0,241946155115708,0,0,0,241946197650416,241946214258499,241946247590499,0,241946197806291,241946198305625,4959,0,4687553220888366121,4687553221458438539,4687553222603717338,"Metal command buffer completed"
source_displayed,1,2,66,68,1,34,0,0,241946088621833,0,0,0,241946130983041,241946147594499,241946180926498,241946197627208,241946131126875,0,4167,0,4687553218597689672,4687553219167880940,4687553220313159739,"normalized presentedTime from Core Animation clock"
generated_dropped,1,2,0,73,2,37,36,37,241946189313916,241946190030458,241946197665083,0,241946214303041,241946230924498,241946255504084,0,0,0,5209,0,0,0,0,"generated output was not ready by exact-pair deadline"
selected_source_repeat,1,2,0,73,1,36,0,0,241946155115708,241946155885083,0,0,241946214303041,241946230924498,241946264256499,0,0,0,5209,0,0,0,0,"real-source fallback for late/missing exact-pair output"
presentation_submitted,1,2,71,73,1,36,0,0,241946155115708,0,0,0,241946214303041,241946230924498,241946264256499,0,241946214458583,0,5209,0,4687553221460538778,4687553222031077938,4687553223176356738,"external CAMetalDisplayLink drawable via DXMT Presenter"
presentation_gpu_completed,1,2,71,73,1,36,0,0,241946155115708,0,0,0,241946214303041,241946230924498,241946264256499,0,241946214458583,241946214968875,5209,0,4687553221460538778,4687553222031077938,4687553223176356738,"Metal command buffer completed"
source_displayed,1,2,67,69,1,34,0,0,241946088621833,0,0,0,241946147643750,241946164260499,241946197592499,241946214293666,241946147852666,0,6375,0,4687553219170150126,4687553219740520340,4687553220885799139,"normalized presentedTime from Core Animation clock"
source_accepted,1,2,0,0,0,38,0,0,241946222524291,241946223206250,0,0,0,0,241946305808604,0,0,0,0,0,0,0,0,"owned history copy completed successfully"
history_copy_complete,1,2,0,0,0,38,0,0,241946222524291,241946223206250,0,0,0,0,241946305808604,0,0,0,0,0,0,0,0,"Metal command buffer completed"
generated_requested,1,2,0,0,2,38,37,38,241946222524291,241946223206250,0,241946223222041,0,0,241946289203993,0,0,0,0,0,0,0,0,"exact adjacent source pair submitted"
generated_ready,1,2,0,74,2,38,37,38,0,0,241946230988833,0,241946230954958,241946247590499,241946289203993,0,0,0,1667,0,0,0,0,"Metal status completed"
selected_source,1,2,0,74,1,37,0,0,241946189313916,241946190030458,0,0,241946230954958,241946247590499,241946280922498,0,0,0,1667,0,0,0,0,"next real endpoint in source order"
presentation_submitted,1,2,72,74,1,37,0,0,241946189313916,0,0,0,241946230954958,241946247590499,241946280922498,0,241946231057291,0,1667,0,4687553222032688551,4687553222603717338,4687553223748996137,"external CAMetalDisplayLink drawable via DXMT Presenter"
presentation_gpu_completed,1,2,72,74,1,37,0,0,241946189313916,0,0,0,241946230954958,241946247590499,241946280922498,0,241946231057291,241946231531041,1667,0,4687553222032688551,4687553222603717338,4687553223748996137,"Metal command buffer completed"
source_displayed,1,2,68,70,1,35,0,0,241946122763166,0,0,0,241946164334541,241946180926498,241946214258499,241946230960166,241946164532083,0,6792,0,4687553219743645667,4687553220313159739,4687553221458438539,"normalized presentedTime from Core Animation clock"
generated_dropped,1,2,0,75,2,38,37,38,241946222524291,241946223206250,241946230988833,0,241946247662708,241946264256499,241946289203993,0,0,0,6833,0,0,0,0,"generated output was not ready by exact-pair deadline"
selected_source_repeat,1,2,0,75,1,37,0,0,241946189313916,241946190030458,0,0,241946247662708,241946264256499,241946297588499,0,0,0,6833,0,0,0,0,"real-source fallback for late/missing exact-pair output"
presentation_submitted,1,2,73,75,1,37,0,0,241946189313916,0,0,0,241946247662708,241946264256499,241946297588499,0,241946247873625,0,6833,0,4687553222606781093,4687553223176356738,4687553224321635537,"external CAMetalDisplayLink drawable via DXMT Presenter"
presentation_gpu_completed,1,2,73,75,1,37,0,0,241946189313916,0,0,0,241946247662708,241946264256499,241946297588499,0,241946247873625,241946248402791,6833,0,4687553222606781093,4687553223176356738,4687553224321635537,"Metal command buffer completed"
source_displayed,1,2,69,71,1,35,0,0,241946122763166,0,0,0,241946180994333,241946197592499,241946230924498,241946247626666,241946181173750,0,6917,0,4687553220316074613,4687553220885799139,4687553222031077938,"normalized presentedTime from Core Animation clock"
source_accepted,1,2,0,0,0,39,0,0,241946255709083,241946256406541,0,0,0,0,241946338992058,0,0,0,0,0,0,0,0,"owned history copy completed successfully"
history_copy_complete,1,2,0,0,0,39,0,0,241946255709083,241946256406541,0,0,0,0,241946338992058,0,0,0,0,0,0,0,0,"Metal command buffer completed"
generated_requested,1,2,0,0,2,39,38,39,241946255709083,241946256406541,0,241946256445666,0,0,241946322400331,0,0,0,0,0,0,0,0,"exact adjacent source pair submitted"
generated_ready,1,2,0,76,2,39,38,39,0,0,241946264351625,0,241946264309458,241946280922498,241946322400331,0,0,0,4708,0,0,0,0,"Metal status completed"
selected_source,1,2,0,76,1,38,0,0,241946222524291,241946223206250,0,0,241946264309458,241946280922498,241946314254499,0,0,0,4708,0,0,0,0,"next real endpoint in source order"
presentation_submitted,1,2,74,76,1,38,0,0,241946222524291,0,0,0,241946264309458,241946280922498,241946314254499,0,241946264486750,0,4708,0,4687553223178749034,4687553223748996137,4687553224894274937,"external CAMetalDisplayLink drawable via DXMT Presenter"
presentation_gpu_completed,1,2,74,76,1,38,0,0,241946222524291,0,0,0,241946264309458,241946280922498,241946314254499,0,241946264486750,241946265007125,4708,0,4687553223178749034,4687553223748996137,4687553224894274937,"Metal command buffer completed"
source_displayed,1,2,70,72,1,36,0,0,241946155115708,0,0,0,241946197650416,241946214258499,241946247590499,241946264293124,241946197806291,0,4959,0,4687553220888366121,4687553221458438539,4687553222603717338,"normalized presentedTime from Core Animation clock"
generated_dropped,1,2,0,77,2,39,38,39,241946255709083,241946256406541,241946264351625,0,241946280953791,241946297588499,241946322400331,0,0,0,2375,0,0,0,0,"generated output was not ready by exact-pair deadline"
selected_source_repeat,1,2,0,77,1,38,0,0,241946222524291,241946223206250,0,0,241946280953791,241946297588499,241946330920498,0,0,0,2375,0,0,0,0,"real-source fallback for late/missing exact-pair output"
presentation_submitted,1,2,75,77,1,38,0,0,241946222524291,0,0,0,241946280953791,241946297588499,241946330920498,0,241946281022291,0,2375,0,4687553223750633963,4687553224321635537,4687553225466914336,"external CAMetalDisplayLink drawable via DXMT Presenter"
presentation_gpu_completed,1,2,75,77,1,38,0,0,241946222524291,0,0,0,241946280953791,241946297588499,241946330920498,0,241946281022291,241946281493041,2375,0,4687553223750633963,4687553224321635537,4687553225466914336,"Metal command buffer completed"
source_displayed,1,2,71,73,1,36,0,0,241946155115708,0,0,0,241946214303041,241946230924498,241946264256499,241946280959624,241946214458583,0,5209,0,4687553221460538778,4687553222031077938,4687553223176356738,"normalized presentedTime from Core Animation clock"
source_accepted,1,2,0,0,0,40,0,0,241946288900291,241946289580208,0,0,0,0,241946372184895,0,0,0,0,0,0,0,0,"owned history copy completed successfully"
history_copy_complete,1,2,0,0,0,40,0,0,241946288900291,241946289580208,0,0,0,0,241946372184895,0,0,0,0,0,0,0,0,"Metal command buffer completed"
generated_requested,1,2,0,0,2,40,39,40,241946288900291,241946289580208,0,241946289615750,0,0,241946355588476,0,0,0,0,0,0,0,0,"exact adjacent source pair submitted"
source_displayed,1,2,72,74,1,37,0,0,241946189313916,0,0,0,241946230954958,241946247590499,241946280922498,241946282142916,241946231057291,0,1667,0,4687553222032688551,4687553222603717338,4687553223748996137,"normalized presentedTime from Core Animation clock"
source_displayed,1,2,73,75,1,37,0,0,241946189313916,0,0,0,241946247662708,241946264256499,241946297588499,241946290300124,241946247873625,0,6833,0,4687553222606781093,4687553223176356738,4687553224321635537,"normalized presentedTime from Core Animation clock"
generated_ready,1,2,0,78,2,40,39,40,0,0,241946297630125,0,241946297616916,241946314254498,241946355588476,0,0,0,1459,0,0,0,0,"Metal status completed"
selected_source,1,2,0,78,1,39,0,0,241946255709083,241946256406541,0,0,241946297616916,241946314254498,241946347586499,0,0,0,1459,0,0,0,0,"next real endpoint in source order"
presentation_submitted,1,2,76,78,1,39,0,0,241946255709083,0,0,0,241946297616916,241946314254498,241946347586499,0,241946297734958,0,1459,0,4687553224323171726,4687553224894274936,4687553226039553736,"external CAMetalDisplayLink drawable via DXMT Presenter"
presentation_gpu_completed,1,2,76,78,1,39,0,0,241946255709083,0,0,0,241946297616916,241946314254498,241946347586499,0,241946297734958,241946298305125,1459,0,4687553224323171726,4687553224894274936,4687553226039553736,"Metal command buffer completed"
source_displayed,1,2,74,76,1,38,0,0,241946222524291,0,0,0,241946264309458,241946280922498,241946314254499,241946300509958,241946264486750,0,4708,0,4687553223178749034,4687553223748996137,4687553224894274937,"normalized presentedTime from Core Animation clock"
generated_dropped,1,2,0,79,2,40,39,40,241946288900291,241946289580208,241946297630125,0,241946314277083,241946330920498,241946355588476,0,0,0,1750,0,0,0,0,"generated output was not ready by exact-pair deadline"
selected_source_repeat,1,2,0,79,1,39,0,0,241946255709083,241946256406541,0,0,241946314277083,241946330920498,241946364252498,0,0,0,1750,0,0,0,0,"real-source fallback for late/missing exact-pair output"
presentation_submitted,1,2,77,79,1,39,0,0,241946255709083,0,0,0,241946314277083,241946330920498,241946364252498,0,241946314336708,0,1750,0,4687553224895610671,4687553225466914336,4687553226612193135,"external CAMetalDisplayLink drawable via DXMT Presenter"
presentation_gpu_completed,1,2,77,79,1,39,0,0,241946255709083,0,0,0,241946314277083,241946330920498,241946364252498,0,241946314336708,241946314913000,1750,0,4687553224895610671,4687553225466914336,4687553226612193135,"Metal command buffer completed"
source_accepted,1,2,0,0,0,41,0,0,241946322067625,241946322805000,0,0,0,0,241946405357249,0,0,0,0,0,0,0,0,"owned history copy completed successfully"
history_copy_complete,1,2,0,0,0,41,0,0,241946322067625,241946322805000,0,0,0,0,241946405357249,0,0,0,0,0,0,0,0,"Metal command buffer completed"
generated_requested,1,2,0,0,2,41,40,41,241946322067625,241946322805000,0,241946322820458,0,0,241946388771072,0,0,0,0,0,0,0,0,"exact adjacent source pair submitted"
source_displayed,1,2,75,77,1,38,0,0,241946222524291,0,0,0,241946280953791,241946297588499,241946330920498,241946317337624,241946281022291,0,2375,0,4687553223750633963,4687553224321635537,4687553225466914336,"normalized presentedTime from Core Animation clock"
generated_ready,1,2,0,80,2,41,40,41,0,0,241946330961416,0,241946330953708,241946347586499,241946388771072,0,0,0,1792,0,0,0,0,"Metal status completed"
selected_source,1,2,0,80,1,40,0,0,241946288900291,241946289580208,0,0,241946330953708,241946347586499,241946380918499,0,0,0,1792,0,0,0,0,"next real endpoint in source order"
presentation_submitted,1,2,78,80,1,40,0,0,241946288900291,0,0,0,241946330953708,241946347586499,241946380918499,0,241946331033250,0,1792,0,4687553225468616586,4687553226039553736,4687553227184832535,"external CAMetalDisplayLink drawable via DXMT Presenter"
presentation_gpu_completed,1,2,78,80,1,40,0,0,241946288900291,0,0,0,241946330953708,241946347586499,241946380918499,0,241946331033250,241946331598791,1792,0,4687553225468616586,4687553226039553736,4687553227184832535,"Metal command buffer completed"
source_displayed,1,2,76,78,1,39,0,0,241946255709083,0,0,0,241946297616916,241946314254498,241946347586499,241946334359958,241946297734958,0,1459,0,4687553224323171726,4687553224894274936,4687553226039553736,"normalized presentedTime from Core Animation clock"
generated_dropped,1,2,0,81,2,41,40,41,241946322067625,241946322805000,241946330961416,0,241946347609333,241946364252498,241946388771072,0,0,0,1750,0,0,0,0,"generated output was not ready by exact-pair deadline"
selected_source_repeat,1,2,0,81,1,40,0,0,241946288900291,241946289580208,0,0,241946347609333,241946364252498,241946397584499,0,0,0,1750,0,0,0,0,"real-source fallback for late/missing exact-pair output"
presentation_submitted,1,2,79,81,1,40,0,0,241946288900291,0,0,0,241946347609333,241946364252498,241946397584499,0,241946347686500,0,1750,0,4687553226040898061,4687553226612193135,4687553227757471935,"external CAMetalDisplayLink drawable via DXMT Presenter"
presentation_gpu_completed,1,2,79,81,1,40,0,0,241946288900291,0,0,0,241946347609333,241946364252498,241946397584499,0,241946347686500,241946348316666,1750,0,4687553226040898061,4687553226612193135,4687553227757471935,"Metal command buffer completed"
source_accepted,1,2,0,0,0,42,0,0,241946355101833,241946355880583,0,0,0,0,241946438394745,0,0,0,0,0,0,0,0,"owned history copy completed successfully"
history_copy_complete,1,2,0,0,0,42,0,0,241946355101833,241946355880583,0,0,0,0,241946438394745,0,0,0,0,0,0,0,0,"Metal command buffer completed"
generated_requested,1,2,0,0,2,42,41,42,241946355101833,241946355880583,0,241946355898083,0,0,241946421875997,0,0,0,0,0,0,0,0,"exact adjacent source pair submitted"
generated_ready,1,2,0,82,2,42,41,42,0,0,241946364426458,0,241946364396083,241946380918499,241946421875997,0,0,0,8458,0,0,0,0,"Metal status completed"
selected_source,1,2,0,82,1,41,0,0,241946322067625,241946322805000,0,0,241946364396083,241946380918499,241946414250498,0,0,0,8458,0,0,0,0,"next real endpoint in source order"
presentation_submitted,1,2,80,82,1,41,0,0,241946322067625,0,0,0,241946364396083,241946380918499,241946414250498,0,241946364677708,0,8458,0,4687553226617717906,4687553227184832535,4687553228330111334,"external CAMetalDisplayLink drawable via DXMT Presenter"
presentation_gpu_completed,1,2,80,82,1,41,0,0,241946322067625,0,0,0,241946364396083,241946380918499,241946414250498,0,241946364677708,241946365385666,8458,0,4687553226617717906,4687553227184832535,4687553228330111334,"Metal command buffer completed"
generated_dropped,1,2,0,83,2,42,41,42,241946355101833,241946355880583,241946364426458,0,241946381039208,241946397584499,241946421875997,0,0,0,10250,0,0,0,0,"generated output was not ready by exact-pair deadline"
selected_source_repeat,1,2,0,83,1,41,0,0,241946322067625,241946322805000,0,0,241946381039208,241946397584499,241946430916499,0,0,0,10250,0,0,0,0,"real-source fallback for late/missing exact-pair output"
presentation_submitted,1,2,81,83,1,41,0,0,241946322067625,0,0,0,241946381039208,241946397584499,241946430916499,0,241946381364541,0,10250,0,4687553227189562737,4687553227757471935,4687553228902750734,"external CAMetalDisplayLink drawable via DXMT Presenter"
presentation_gpu_completed,1,2,81,83,1,41,0,0,241946322067625,0,0,0,241946381039208,241946397584499,241946430916499,0,241946381364541,241946382072250,10250,0,4687553227189562737,4687553227757471935,4687553228902750734,"Metal command buffer completed"
source_displayed,1,2,77,79,1,39,0,0,241946255709083,0,0,0,241946314277083,241946330920498,241946364252498,241946380958541,241946314336708,0,1750,0,4687553224895610671,4687553225466914336,4687553226612193135,"normalized presentedTime from Core Animation clock"
source_accepted,1,2,0,0,0,43,0,0,241946389320458,241946391001583,0,0,0,0,241946472591581,0,0,0,0,0,0,0,0,"owned history copy completed successfully"
history_copy_complete,1,2,0,0,0,43,0,0,241946389320458,241946391001583,0,0,0,0,241946472591581,0,0,0,0,0,0,0,0,"Metal command buffer completed"
generated_requested,1,2,0,0,2,43,42,43,241946389320458,241946391001583,0,241946391077291,0,0,241946455493163,0,0,0,0,0,0,0,0,"exact adjacent source pair submitted"
generated_ready,1,2,0,84,2,43,42,43,0,0,241946397915166,0,241946397744958,241946414250498,241946455493163,0,0,0,11125,0,0,0,0,"Metal status completed"
selected_source,1,2,0,84,1,42,0,0,241946355101833,241946355880583,0,0,241946397744958,241946414250498,241946447582499,0,0,0,11125,0,0,0,0,"next real endpoint in source order"
presentation_submitted,1,2,82,84,1,42,0,0,241946355101833,0,0,0,241946397744958,241946414250498,241946447582499,0,241946398338625,0,11125,0,4687553227763576526,4687553228330111334,4687553229475390134,"external CAMetalDisplayLink drawable via DXMT Presenter"
presentation_gpu_completed,1,2,82,84,1,42,0,0,241946355101833,0,0,0,241946397744958,241946414250498,241946447582499,0,241946398338625,241946399229208,11125,0,4687553227763576526,4687553228330111334,4687553229475390134,"Metal command buffer completed"
source_displayed,1,2,78,80,1,40,0,0,241946288900291,0,0,0,241946330953708,241946347586499,241946380918499,241946397624958,241946331033250,0,1792,0,4687553225468616586,4687553226039553736,4687553227184832535,"normalized presentedTime from Core Animation clock"
generated_dropped,1,2,0,85,2,43,42,43,241946389320458,241946391001583,241946397915166,0,241946414392375,241946430916499,241946455493163,0,0,0,15708,0,0,0,0,"generated output was not ready by exact-pair deadline"
selected_source_repeat,1,2,0,85,1,42,0,0,241946355101833,241946355880583,0,0,241946414392375,241946430916499,241946464248498,0,0,0,15708,0,0,0,0,"real-source fallback for late/missing exact-pair output"
presentation_submitted,1,2,83,85,1,42,0,0,241946355101833,0,0,0,241946414392375,241946430916499,241946464248498,0,241946414957166,0,15708,0,4687553228335593156,4687553228902750734,4687553230048029533,"external CAMetalDisplayLink drawable via DXMT Presenter"
presentation_gpu_completed,1,2,83,85,1,42,0,0,241946355101833,0,0,0,241946414392375,241946430916499,241946464248498,0,241946414957166,241946415923791,15708,0,4687553228335593156,4687553228902750734,4687553230048029533,"Metal command buffer completed"
source_displayed,1,2,79,81,1,40,0,0,241946288900291,0,0,0,241946347609333,241946364252498,241946397584499,241946414291458,241946347686500,0,1750,0,4687553226040898061,4687553226612193135,4687553227757471935,"normalized presentedTime from Core Animation clock"
source_displayed,1,2,80,82,1,41,0,0,241946322067625,0,0,0,241946364396083,241946380918499,241946414250498,241946416576791,241946364677708,0,8458,0,4687553226617717906,4687553227184832535,4687553228330111334,"normalized presentedTime from Core Animation clock"
selected_source,1,2,0,86,1,43,0,0,241946389320458,241946391001583,0,0,241946430960750,241946447582499,241946480914499,0,0,0,5916,0,0,0,0,"next real endpoint in source order"
source_accepted,1,2,0,0,0,44,0,0,241946429878041,241946431195791,0,0,0,0,241946513127990,0,0,0,0,0,0,0,0,"owned history copy completed successfully"
history_copy_complete,1,2,0,0,0,44,0,0,241946429878041,241946431195791,0,0,0,0,241946513127990,0,0,0,0,0,0,0,0,"Metal command buffer completed"
presentation_submitted,1,2,84,86,1,43,0,0,241946389320458,0,0,0,241946430960750,241946447582499,241946480914499,0,241946431220250,0,5916,0,4687553228904845269,4687553229475390134,4687553230620668933,"external CAMetalDisplayLink drawable via DXMT Presenter"
generated_requested,1,2,0,0,2,44,43,44,241946429878041,241946431195791,0,241946431213333,0,0,241946492859785,0,0,0,0,0,0,0,0,"exact adjacent source pair submitted"
presentation_gpu_completed,1,2,84,86,1,43,0,0,241946389320458,0,0,0,241946430960750,241946447582499,241946480914499,0,241946431220250,241946431830583,5916,0,4687553228904845269,4687553229475390134,4687553230620668933,"Metal command buffer completed"
source_displayed,1,2,81,83,1,41,0,0,241946322067625,0,0,0,241946381039208,241946397584499,241946430916499,241946427824958,241946381364541,0,10250,0,4687553227189562737,4687553227757471935,4687553228902750734,"normalized presentedTime from Core Animation clock"
source_displayed,1,2,82,84,1,42,0,0,241946355101833,0,0,0,241946397744958,241946414250498,241946447582499,241946434279208,241946398338625,0,11125,0,4687553227763576526,4687553228330111334,4687553229475390134,"normalized presentedTime from Core Animation clock"
generated_ready,1,2,0,87,2,44,43,44,0,0,241946447625125,0,241946447609375,241946464248498,241946492859785,0,0,0,2833,0,0,0,0,"Metal status completed"
generated_dropped,1,2,0,87,2,44,43,44,241946429878041,241946431195791,241946447625125,0,241946447609375,241946464248498,241946492859785,0,0,0,2833,0,0,0,0,"generated output was not ready by exact-pair deadline"
selected_source_repeat,1,2,0,87,1,43,0,0,241946389320458,241946391001583,0,0,241946447609375,241946464248498,241946497580499,0,0,0,2833,0,0,0,0,"real-source fallback for late/missing exact-pair output"
presentation_submitted,1,2,85,87,1,43,0,0,241946389320458,0,0,0,241946447609375,241946464248498,241946497580499,0,241946447727958,0,2833,0,4687553229476880487,4687553230048029533,4687553231193308333,"external CAMetalDisplayLink drawable via DXMT Presenter"
presentation_gpu_completed,1,2,85,87,1,43,0,0,241946389320458,0,0,0,241946447609375,241946464248498,241946497580499,0,241946447727958,241946448456541,2833,0,4687553229476880487,4687553230048029533,4687553231193308333,"Metal command buffer completed"
source_displayed,1,2,83,85,1,42,0,0,241946355101833,0,0,0,241946414392375,241946430916499,241946464248498,241946450210791,241946414957166,0,15708,0,4687553228335593156,4687553228902750734,4687553230048029533,"normalized presentedTime from Core Animation clock"
source_accepted,1,2,0,0,0,45,0,0,241946455271416,241946456146000,0,0,0,0,241946538532239,0,0,0,0,0,0,0,0,"owned history copy completed successfully"
history_copy_complete,1,2,0,0,0,45,0,0,241946455271416,241946456146000,0,0,0,0,241946538532239,0,0,0,0,0,0,0,0,"Metal command buffer completed"
generated_requested,1,2,0,0,2,45,44,45,241946455271416,241946456146000,0,241946456195916,0,0,241946525830114,0,0,0,0,0,0,0,0,"exact adjacent source pair submitted"
generated_ready,1,2,0,88,2,45,44,45,0,0,241946464308791,0,241946464295125,241946480914499,241946525830114,0,0,0,2625,0,0,0,0,"Metal status completed"
selected_source,1,2,0,88,1,44,0,0,241946429878041,241946431195791,0,0,241946464295125,241946480914499,241946514246498,0,0,0,2625,0,0,0,0,"next real endpoint in source order"
presentation_submitted,1,2,86,88,1,44,0,0,241946429878041,0,0,0,241946464295125,241946480914499,241946514246498,0,241946464374791,0,2625,0,4687553230050205673,4687553230620668933,4687553231765947732,"external CAMetalDisplayLink drawable via DXMT Presenter"
presentation_gpu_completed,1,2,86,88,1,44,0,0,241946429878041,0,0,0,241946464295125,241946480914499,241946514246498,0,241946464374791,241946464916208,2625,0,4687553230050205673,4687553230620668933,4687553231765947732,"Metal command buffer completed"
source_displayed,1,2,84,86,1,43,0,0,241946389320458,0,0,0,241946430960750,241946447582499,241946480914499,241946466803541,241946431220250,0,5916,0,4687553228904845269,4687553229475390134,4687553230620668933,"normalized presentedTime from Core Animation clock"
generated_dropped,1,2,0,89,2,45,44,45,241946455271416,241946456146000,241946464308791,0,241946480982250,241946497580499,241946525830114,0,0,0,7375,0,0,0,0,"generated output was not ready by exact-pair deadline"
selected_source_repeat,1,2,0,89,1,44,0,0,241946429878041,241946431195791,0,0,241946480982250,241946497580499,241946530912499,0,0,0,7375,0,0,0,0,"real-source fallback for late/missing exact-pair output"
presentation_submitted,1,2,87,89,1,44,0,0,241946429878041,0,0,0,241946480982250,241946497580499,241946530912499,0,241946481221958,0,7375,0,4687553230623579512,4687553231193308333,4687553232338587132,"external CAMetalDisplayLink drawable via DXMT Presenter"
presentation_gpu_completed,1,2,87,89,1,44,0,0,241946429878041,0,0,0,241946480982250,241946497580499,241946530912499,0,241946481221958,241946481977958,7375,0,4687553230623579512,4687553231193308333,4687553232338587132,"Metal command buffer completed"
source_displayed,1,2,85,87,1,43,0,0,241946389320458,0,0,0,241946447609375,241946464248498,241946497580499,241946483550874,241946447727958,0,2833,0,4687553229476880487,4687553230048029533,4687553231193308333,"normalized presentedTime from Core Animation clock"
source_accepted,1,2,0,0,0,46,0,0,241946488479416,241946489978958,0,0,0,0,241946571743195,0,0,0,0,0,0,0,0,"owned history copy completed successfully"
history_copy_complete,1,2,0,0,0,46,0,0,241946488479416,241946489978958,0,0,0,0,241946571743195,0,0,0,0,0,0,0,0,"Metal command buffer completed"
generated_requested,1,2,0,0,2,46,45,46,241946488479416,241946489978958,0,241946490035375,0,0,241946555137717,0,0,0,0,0,0,0,0,"exact adjacent source pair submitted"
generated_ready,1,2,0,90,2,46,45,46,0,0,241946497727458,0,241946497689541,241946514246498,241946555137717,0,0,0,9750,0,0,0,0,"Metal status completed"
selected_source,1,2,0,90,1,45,0,0,241946455271416,241946456146000,0,0,241946497689541,241946514246498,241946547578499,0,0,0,9750,0,0,0,0,"next real endpoint in source order"
presentation_submitted,1,2,88,90,1,45,0,0,241946455271416,0,0,0,241946497689541,241946514246498,241946547578499,0,241946498066666,0,9750,0,4687553231197646250,4687553231765947732,4687553232911226532,"external CAMetalDisplayLink drawable via DXMT Presenter"
presentation_gpu_completed,1,2,88,90,1,45,0,0,241946455271416,0,0,0,241946497689541,241946514246498,241946547578499,0,241946498066666,241946498978958,9750,0,4687553231197646250,4687553231765947732,4687553232911226532,"Metal command buffer completed"
source_displayed,1,2,86,88,1,44,0,0,241946429878041,0,0,0,241946464295125,241946480914499,241946514246498,241946501093916,241946464374791,0,2625,0,4687553230050205673,4687553230620668933,4687553231765947732,"normalized presentedTime from Core Animation clock"
generated_dropped,1,2,0,91,2,46,45,46,241946488479416,241946489978958,241946497727458,0,241946514365416,241946530912499,241946555137717,0,0,0,12500,0,0,0,0,"generated output was not ready by exact-pair deadline"
selected_source_repeat,1,2,0,91,1,45,0,0,241946455271416,241946456146000,0,0,241946514365416,241946530912499,241946564244498,0,0,0,12500,0,0,0,0,"real-source fallback for late/missing exact-pair output"
presentation_submitted,1,2,89,91,1,45,0,0,241946455271416,0,0,0,241946514365416,241946530912499,241946564244498,0,241946515143750,0,12500,0,4687553231770646426,4687553232338587132,4687553233483865931,"external CAMetalDisplayLink drawable via DXMT Presenter"
presentation_gpu_completed,1,2,89,91,1,45,0,0,241946455271416,0,0,0,241946514365416,241946530912499,241946564244498,0,241946515143750,241946516301166,12500,0,4687553231770646426,4687553232338587132,4687553233483865931,"Metal command buffer completed"
source_accepted,1,2,0,0,0,47,0,0,241946522114958,241946523919958,0,0,0,0,241946605367778,0,0,0,0,0,0,0,0,"owned history copy completed successfully"
history_copy_complete,1,2,0,0,0,47,0,0,241946522114958,241946523919958,0,0,0,0,241946605367778,0,0,0,0,0,0,0,0,"Metal command buffer completed"
generated_requested,1,2,0,0,2,47,46,47,241946522114958,241946523919958,0,241946524006250,0,0,241946588555486,0,0,0,0,0,0,0,0,"exact adjacent source pair submitted"
generated_ready,1,2,0,92,2,47,46,47,0,0,241946531128416,0,241946531066875,241946547578498,241946588555486,0,0,0,22291,0,0,0,0,"Metal status completed"
selected_source,1,2,0,92,1,46,0,0,241946488479416,241946489978958,0,0,241946531066875,241946547578498,241946580910499,0,0,0,22291,0,0,0,0,"next real endpoint in source order"
presentation_submitted,1,2,90,92,1,46,0,0,241946488479416,0,0,0,241946531066875,241946547578498,241946580910499,0,241946531616125,0,22291,0,4687553232344491303,4687553232911226531,4687553234056505331,"external CAMetalDisplayLink drawable via DXMT Presenter"
presentation_gpu_completed,1,2,90,92,1,46,0,0,241946488479416,0,0,0,241946531066875,241946547578498,241946580910499,0,241946531616125,241946532769333,22291,0,4687553232344491303,4687553232911226531,4687553234056505331,"Metal command buffer completed"
generated_dropped,1,2,0,93,2,47,46,47,241946522114958,241946523919958,241946531128416,0,241946547796500,241946564244498,241946588555486,0,0,0,30708,0,0,0,0,"generated output was not ready by exact-pair deadline"
selected_source_repeat,1,2,0,93,1,46,0,0,241946488479416,241946489978958,0,0,241946547796500,241946564244498,241946597576498,0,0,0,30708,0,0,0,0,"real-source fallback for late/missing exact-pair output"
presentation_submitted,1,2,91,93,1,46,0,0,241946488479416,0,0,0,241946547796500,241946564244498,241946597576498,0,241946548818916,0,30708,0,4687553232919525851,4687553233483865931,4687553234629144730,"external CAMetalDisplayLink drawable via DXMT Presenter"
presentation_gpu_completed,1,2,91,93,1,46,0,0,241946488479416,0,0,0,241946547796500,241946564244498,241946597576498,0,241946548818916,241946550333000,30708,0,4687553232919525851,4687553233483865931,4687553234629144730,"Metal command buffer completed"
source_displayed,1,2,87,89,1,44,0,0,241946429878041,0,0,0,241946480982250,241946497580499,241946530912499,241946547623291,241946481221958,0,7375,0,4687553230623579512,4687553231193308333,4687553232338587132,"normalized presentedTime from Core Animation clock"
source_accepted,1,2,0,0,0,48,0,0,241946555196625,241946558039791,0,0,0,0,241946638423711,0,0,0,0,0,0,0,0,"owned history copy completed successfully"
history_copy_complete,1,2,0,0,0,48,0,0,241946555196625,241946558039791,0,0,0,0,241946638423711,0,0,0,0,0,0,0,0,"Metal command buffer completed"
generated_requested,1,2,0,0,2,48,47,48,241946555196625,241946558039791,0,241946558177750,0,0,241946621895744,0,0,0,0,0,0,0,0,"exact adjacent source pair submitted"
generated_ready,1,2,0,94,2,48,47,48,0,0,241946564550041,0,241946564484166,241946580910499,241946621895744,0,0,0,22084,0,0,0,0,"Metal status completed"
selected_source,1,2,0,94,1,47,0,0,241946522114958,241946523919958,0,0,241946564484166,241946580910499,241946614242499,0,0,0,22084,0,0,0,0,"next real endpoint in source order"
presentation_submitted,1,2,92,94,1,47,0,0,241946522114958,0,0,0,241946564484166,241946580910499,241946614242499,0,241946565286916,0,22084,0,4687553233492707860,4687553234056505331,4687553235201784130,"external CAMetalDisplayLink drawable via DXMT Presenter"
presentation_gpu_completed,1,2,92,94,1,47,0,0,241946522114958,0,0,0,241946564484166,241946580910499,241946614242499,0,241946565286916,241946566545958,22084,0,4687553233492707860,4687553234056505331,4687553235201784130,"Metal command buffer completed"
source_displayed,1,2,88,90,1,45,0,0,241946455271416,0,0,0,241946497689541,241946514246498,241946547578499,241946564289749,241946498066666,0,9750,0,4687553231197646250,4687553231765947732,4687553232911226532,"normalized presentedTime from Core Animation clock"
generated_dropped,1,2,0,95,2,48,47,48,241946555196625,241946558039791,241946564550041,0,241946581046166,241946597576498,241946621895744,0,0,0,10084,0,0,0,0,"generated output was not ready by exact-pair deadline"
selected_source_repeat,1,2,0,95,1,47,0,0,241946522114958,241946523919958,0,0,241946581046166,241946597576498,241946630908499,0,0,0,10084,0,0,0,0,"real-source fallback for late/missing exact-pair output"
presentation_submitted,1,2,93,95,1,47,0,0,241946522114958,0,0,0,241946581046166,241946597576498,241946630908499,0,241946581522708,0,10084,0,4687553234061755224,4687553234629144730,4687553235774423530,"external CAMetalDisplayLink drawable via DXMT Presenter"
presentation_gpu_completed,1,2,93,95,1,47,0,0,241946522114958,0,0,0,241946581046166,241946597576498,241946630908499,0,241946581522708,241946582336833,10084,0,4687553234061755224,4687553234629144730,4687553235774423530,"Metal command buffer completed"
source_displayed,1,2,89,91,1,45,0,0,241946455271416,0,0,0,241946514365416,241946530912499,241946564244498,241946580956291,241946515143750,0,12500,0,4687553231770646426,4687553232338587132,4687553233483865931,"normalized presentedTime from Core Animation clock"
source_displayed,1,2,90,92,1,46,0,0,241946488479416,0,0,0,241946531066875,241946547578498,241946580910499,241946583027124,241946531616125,0,22291,0,4687553232344491303,4687553232911226531,4687553234056505331,"normalized presentedTime from Core Animation clock"
source_accepted,1,2,0,0,0,49,0,0,241946589414458,241946590925666,0,0,0,0,241946672622804,0,0,0,0,0,0,0,0,"owned history copy completed successfully"
history_copy_complete,1,2,0,0,0,49,0,0,241946589414458,241946590925666,0,0,0,0,241946672622804,0,0,0,0,0,0,0,0,"Metal command buffer completed"
generated_requested,1,2,0,0,2,49,48,49,241946589414458,241946590925666,0,241946591096958,0,0,241946655523257,0,0,0,0,0,0,0,0,"exact adjacent source pair submitted"
source_displayed,1,2,91,93,1,46,0,0,241946488479416,0,0,0,241946547796500,241946564244498,241946597576498,241946590443749,241946548818916,0,30708,0,4687553232919525851,4687553233483865931,4687553234629144730,"normalized presentedTime from Core Animation clock"
generated_ready,1,2,0,96,2,49,48,49,0,0,241946597701333,0,241946597665791,241946614242499,241946655523257,0,0,0,9417,0,0,0,0,"Metal status completed"
selected_source,1,2,0,96,1,48,0,0,241946555196625,241946558039791,0,0,241946597665791,241946614242499,241946647574498,0,0,0,9417,0,0,0,0,"next real endpoint in source order"
presentation_submitted,1,2,94,96,1,48,0,0,241946555196625,0,0,0,241946597665791,241946614242499,241946647574498,0,241946598004041,0,9417,0,4687553234632804043,4687553235201784130,4687553236347062929,"external CAMetalDisplayLink drawable via DXMT Presenter"
presentation_gpu_completed,1,2,94,96,1,48,0,0,241946555196625,0,0,0,241946597665791,241946614242499,241946647574498,0,241946598004041,241946598756166,9417,0,4687553234632804043,4687553235201784130,4687553236347062929,"Metal command buffer completed"
source_displayed,1,2,92,94,1,47,0,0,241946522114958,0,0,0,241946564484166,241946580910499,241946614242499,241946600617958,241946565286916,0,22084,0,4687553233492707860,4687553234056505331,4687553235201784130,"normalized presentedTime from Core Animation clock"
generated_dropped,1,2,0,97,2,49,48,49,241946589414458,241946590925666,241946597701333,0,241946614358083,241946630908499,241946655523257,0,0,0,9917,0,0,0,0,"generated output was not ready by exact-pair deadline"
selected_source_repeat,1,2,0,97,1,48,0,0,241946555196625,241946558039791,0,0,241946614358083,241946630908499,241946664240499,0,0,0,9917,0,0,0,0,"real-source fallback for late/missing exact-pair output"
presentation_submitted,1,2,95,97,1,48,0,0,241946555196625,0,0,0,241946614358083,241946630908499,241946664240499,0,241946614732291,0,9917,0,4687553235206361156,4687553235774423530,4687553236919702329,"external CAMetalDisplayLink drawable via DXMT Presenter"
presentation_gpu_completed,1,2,95,97,1,48,0,0,241946555196625,0,0,0,241946614358083,241946630908499,241946664240499,0,241946614732291,241946615554375,9917,0,4687553235206361156,4687553235774423530,4687553236919702329,"Metal command buffer completed"
source_displayed,1,2,93,95,1,47,0,0,241946522114958,0,0,0,241946581046166,241946597576498,241946630908499,241946617037874,241946581522708,0,10084,0,4687553234061755224,4687553234629144730,4687553235774423530,"normalized presentedTime from Core Animation clock"
source_accepted,1,2,0,0,0,50,0,0,241946622093458,241946623684375,0,0,0,0,241946705306414,0,0,0,0,0,0,0,0,"owned history copy completed successfully"
history_copy_complete,1,2,0,0,0,50,0,0,241946622093458,241946623684375,0,0,0,0,241946705306414,0,0,0,0,0,0,0,0,"Metal command buffer completed"
generated_requested,1,2,0,0,2,50,49,50,241946622093458,241946623684375,0,241946623747000,0,0,241946688964609,0,0,0,0,0,0,0,0,"exact adjacent source pair submitted"
generated_ready,1,2,0,98,2,50,49,50,0,0,241946631064250,0,241946631027666,241946647574498,241946688964609,0,0,0,9750,0,0,0,0,"Metal status completed"
selected_source,1,2,0,98,1,49,0,0,241946589414458,241946590925666,0,0,241946631027666,241946647574498,241946680906499,0,0,0,9750,0,0,0,0,"next real endpoint in source order"
presentation_submitted,1,2,96,98,1,49,0,0,241946589414458,0,0,0,241946631027666,241946647574498,241946680906499,0,241946631406791,0,9750,0,4687553235779105044,4687553236347062929,4687553237492341729,"external CAMetalDisplayLink drawable via DXMT Presenter"
presentation_gpu_completed,1,2,96,98,1,49,0,0,241946589414458,0,0,0,241946631027666,241946647574498,241946680906499,0,241946631406791,241946632192666,9750,0,4687553235779105044,4687553236347062929,4687553237492341729,"Metal command buffer completed"
source_displayed,1,2,94,96,1,48,0,0,241946555196625,0,0,0,241946597665791,241946614242499,241946647574498,241946634061583,241946598004041,0,9417,0,4687553234632804043,4687553235201784130,4687553236347062929,"normalized presentedTime from Core Animation clock"
generated_dropped,1,2,0,99,2,50,49,50,241946622093458,241946623684375,241946631064250,0,241946647711583,241946664240499,241946688964609,0,0,0,11000,0,0,0,0,"generated output was not ready by exact-pair deadline"
selected_source_repeat,1,2,0,99,1,49,0,0,241946589414458,241946590925666,0,0,241946647711583,241946664240499,241946697572498,0,0,0,11000,0,0,0,0,"real-source fallback for late/missing exact-pair output"
presentation_submitted,1,2,97,99,1,49,0,0,241946589414458,0,0,0,241946647711583,241946664240499,241946697572498,0,241946648136000,0,11000,0,4687553236352378690,4687553236919702329,4687553238064981128,"external CAMetalDisplayLink drawable via DXMT Presenter"
presentation_gpu_completed,1,2,97,99,1,49,0,0,241946589414458,0,0,0,241946647711583,241946664240499,241946697572498,0,241946648136000,241946648996791,11000,0,4687553236352378690,4687553236919702329,4687553238064981128,"Metal command buffer completed"
source_accepted,1,2,0,0,0,51,0,0,241946655848166,241946657548750,0,0,0,0,241946739058696,0,0,0,0,0,0,0,0,"owned history copy completed successfully"
history_copy_complete,1,2,0,0,0,51,0,0,241946655848166,241946657548750,0,0,0,0,241946739058696,0,0,0,0,0,0,0,0,"Metal command buffer completed"
generated_requested,1,2,0,0,2,51,50,51,241946655848166,241946657548750,0,241946657656791,0,0,241946722182555,0,0,0,0,0,0,0,0,"exact adjacent source pair submitted"
source_displayed,1,2,95,97,1,48,0,0,241946555196625,0,0,0,241946614358083,241946630908499,241946664240499,241946651028666,241946614732291,0,9917,0,4687553235206361156,4687553235774423530,4687553236919702329,"normalized presentedTime from Core Animation clock"
generated_ready,1,2,0,100,2,51,50,51,0,0,241946664414208,0,241946664372666,241946680906499,241946722182555,0,0,0,8625,0,0,0,0,"Metal status completed"
selected_source,1,2,0,100,1,50,0,0,241946622093458,241946623684375,0,0,241946664372666,241946680906499,241946714238499,0,0,0,8625,0,0,0,0,"next real endpoint in source order"
presentation_submitted,1,2,98,100,1,50,0,0,241946622093458,0,0,0,241946664372666,241946680906499,241946714238499,0,241946664802375,0,8625,0,4687553236924829111,4687553237492341729,4687553238637620528,"external CAMetalDisplayLink drawable via DXMT Presenter"
presentation_gpu_completed,1,2,98,100,1,50,0,0,241946622093458,0,0,0,241946664372666,241946680906499,241946714238499,0,241946664802375,241946665658041,8625,0,4687553236924829111,4687553237492341729,4687553238637620528,"Metal command buffer completed"
generated_dropped,1,2,0,101,2,51,50,51,241946655848166,241946657548750,241946664414208,0,241946681093333,241946697572498,241946722182555,0,0,0,16958,0,0,0,0,"generated output was not ready by exact-pair deadline"
selected_source_repeat,1,2,0,101,1,50,0,0,241946622093458,241946623684375,0,0,241946681093333,241946697572498,241946730904499,0,0,0,16958,0,0,0,0,"real-source fallback for late/missing exact-pair output"
presentation_submitted,1,2,99,101,1,50,0,0,241946622093458,0,0,0,241946681093333,241946697572498,241946730904499,0,241946681659458,0,16958,0,4687553237499364000,4687553238064981128,4687553239210259928,"external CAMetalDisplayLink drawable via DXMT Presenter"
presentation_gpu_completed,1,2,99,101,1,50,0,0,241946622093458,0,0,0,241946681093333,241946697572498,241946730904499,0,241946681659458,241946682690250,16958,0,4687553237499364000,4687553238064981128,4687553239210259928,"Metal command buffer completed"
source_displayed,1,2,96,98,1,49,0,0,241946589414458,0,0,0,241946631027666,241946647574498,241946680906499,241946680955166,241946631406791,0,9750,0,4687553235779105044,4687553236347062929,4687553237492341729,"normalized presentedTime from Core Animation clock"
source_accepted,1,2,0,0,0,52,0,0,241946688599375,241946691617458,0,0,0,0,241946771800407,0,0,0,0,0,0,0,0,"owned history copy completed successfully"
history_copy_complete,1,2,0,0,0,52,0,0,241946688599375,241946691617458,0,0,0,0,241946771800407,0,0,0,0,0,0,0,0,"Metal command buffer completed"
generated_requested,1,2,0,0,2,52,51,52,241946688599375,241946691617458,0,241946691808666,0,0,241946755429551,0,0,0,0,0,0,0,0,"exact adjacent source pair submitted"
generated_ready,1,2,0,102,2,52,51,52,0,0,241946698172291,0,241946697735750,241946714238499,241946755429551,0,0,0,31166,0,0,0,0,"Metal status completed"
selected_source,1,2,0,102,1,51,0,0,241946655848166,241946657548750,0,0,241946697735750,241946714238499,241946747570498,0,0,0,31166,0,0,0,0,"next real endpoint in source order"
presentation_submitted,1,2,100,102,1,51,0,0,241946655848166,0,0,0,241946697735750,241946714238499,241946747570498,0,241946699188125,0,31166,0,4687553238071198832,4687553238637620528,4687553239782899327,"external CAMetalDisplayLink drawable via DXMT Presenter"
presentation_gpu_completed,1,2,100,102,1,51,0,0,241946655848166,0,0,0,241946697735750,241946714238499,241946747570498,0,241946699188125,241946699853166,31166,0,4687553238071198832,4687553238637620528,4687553239782899327,"Metal command buffer completed"
source_displayed,1,2,97,99,1,49,0,0,241946589414458,0,0,0,241946647711583,241946664240499,241946697572498,241946697621666,241946648136000,0,11000,0,4687553236352378690,4687553236919702329,4687553238064981128,"normalized presentedTime from Core Animation clock"
generated_dropped,1,2,0,103,2,52,51,52,241946688599375,241946691617458,241946698172291,0,241946714289875,241946730904499,241946755429551,0,0,0,8333,0,0,0,0,"generated output was not ready by exact-pair deadline"
selected_source_repeat,1,2,0,103,1,51,0,0,241946655848166,241946657548750,0,0,241946714289875,241946730904499,241946764236499,0,0,0,8333,0,0,0,0,"real-source fallback for late/missing exact-pair output"
presentation_submitted,1,2,101,103,1,51,0,0,241946655848166,0,0,0,241946714289875,241946730904499,241946764236499,0,241946714485166,0,8333,0,4687553238639975613,4687553239210259928,4687553240355538727,"external CAMetalDisplayLink drawable via DXMT Presenter"
presentation_gpu_completed,1,2,101,103,1,51,0,0,241946655848166,0,0,0,241946714289875,241946730904499,241946764236499,0,241946714485166,241946715099541,8333,0,4687553238639975613,4687553239210259928,4687553240355538727,"Metal command buffer completed"
source_displayed,1,2,98,100,1,50,0,0,241946622093458,0,0,0,241946664372666,241946680906499,241946714238499,241946715603041,241946664802375,0,8625,0,4687553236924829111,4687553237492341729,4687553238637620528,"normalized presentedTime from Core Animation clock"
source_accepted,1,2,0,0,0,53,0,0,241946722388333,241946723235125,0,0,0,0,241946805595626,0,0,0,0,0,0,0,0,"owned history copy completed successfully"
history_copy_complete,1,2,0,0,0,53,0,0,241946722388333,241946723235125,0,0,0,0,241946805595626,0,0,0,0,0,0,0,0,"Metal command buffer completed"
generated_requested,1,2,0,0,2,53,52,53,241946722388333,241946723235125,0,241946723251041,0,0,241946788698016,0,0,0,0,0,0,0,0,"exact adjacent source pair submitted"
source_displayed,1,2,99,101,1,50,0,0,241946622093458,0,0,0,241946681093333,241946697572498,241946730904499,241946720922541,241946681659458,0,16958,0,4687553237499364000,4687553238064981128,4687553239210259928,"normalized presentedTime from Core Animation clock"
generated_ready,1,2,0,104,2,53,52,53,0,0,241946730961333,0,241946730948833,241946747570498,241946788698016,0,0,0,3042,0,0,0,0,"Metal status completed"
selected_source,1,2,0,104,1,52,0,0,241946688599375,241946691617458,0,0,241946730948833,241946747570498,241946780902499,0,0,0,3042,0,0,0,0,"next real endpoint in source order"
presentation_submitted,1,2,102,104,1,52,0,0,241946688599375,0,0,0,241946730948833,241946747570498,241946780902499,0,241946731067083,0,3042,0,4687553239212358758,4687553239782899327,4687553240928178127,"external CAMetalDisplayLink drawable via DXMT Presenter"
presentation_gpu_completed,1,2,102,104,1,52,0,0,241946688599375,0,0,0,241946730948833,241946747570498,241946780902499,0,241946731067083,241946731665041,3042,0,4687553239212358758,4687553239782899327,4687553240928178127,"Metal command buffer completed"
source_displayed,1,2,100,102,1,51,0,0,241946655848166,0,0,0,241946697735750,241946714238499,241946747570498,241946733507874,241946699188125,0,31166,0,4687553238071198832,4687553238637620528,4687553239782899327,"normalized presentedTime from Core Animation clock"
generated_dropped,1,2,0,105,2,53,52,53,241946722388333,241946723235125,241946730961333,0,241946747681916,241946764236499,241946788698016,0,0,0,8459,0,0,0,0,"generated output was not ready by exact-pair deadline"
selected_source_repeat,1,2,0,105,1,52,0,0,241946688599375,241946691617458,0,0,241946747681916,241946764236499,241946797568498,0,0,0,8459,0,0,0,0,"real-source fallback for late/missing exact-pair output"
presentation_submitted,1,2,103,105,1,52,0,0,241946688599375,0,0,0,241946747681916,241946764236499,241946797568498,0,241946747992875,0,8459,0,4687553239787311702,4687553240355538727,4687553241500817526,"external CAMetalDisplayLink drawable via DXMT Presenter"
presentation_gpu_completed,1,2,103,105,1,52,0,0,241946688599375,0,0,0,241946747681916,241946764236499,241946797568498,0,241946747992875,241946748793708,8459,0,4687553239787311702,4687553240355538727,4687553241500817526,"Metal command buffer completed"
source_accepted,1,2,0,0,0,54,0,0,241946755670125,241946757242875,0,0,0,0,241946838887713,0,0,0,0,0,0,0,0,"owned history copy completed successfully"
history_copy_complete,1,2,0,0,0,54,0,0,241946755670125,241946757242875,0,0,0,0,241946838887713,0,0,0,0,0,0,0,0,"Metal command buffer completed"
source_displayed,1,2,101,103,1,51,0,0,241946655848166,0,0,0,241946714289875,241946730904499,241946764236499,241946751656499,241946714485166,0,8333,0,4687553238639975613,4687553239210259928,4687553240355538727,"normalized presentedTime from Core Animation clock"
generated_requested,1,2,0,0,2,54,53,54,241946755670125,241946757242875,0,241946757319125,0,0,241946822241669,0,0,0,0,0,0,0,0,"exact adjacent source pair submitted"
generated_ready,1,2,0,106,2,54,53,54,0,0,241946764415458,0,241946764374958,241946780902498,241946822241669,0,0,0,12458,0,0,0,0,"Metal status completed"
selected_source,1,2,0,106,1,53,0,0,241946722388333,241946723235125,0,0,241946764374958,241946780902498,241946814234499,0,0,0,12458,0,0,0,0,"next real endpoint in source order"
presentation_submitted,1,2,104,106,1,53,0,0,241946722388333,0,0,0,241946764374958,241946780902498,241946814234499,0,241946764880791,0,12458,0,4687553240360891699,4687553240928178126,4687553242073456926,"external CAMetalDisplayLink drawable via DXMT Presenter"
presentation_gpu_completed,1,2,104,106,1,53,0,0,241946722388333,0,0,0,241946764374958,241946780902498,241946814234499,0,241946764880791,241946765815958,12458,0,4687553240360891699,4687553240928178126,4687553242073456926,"Metal command buffer completed"
source_displayed,1,2,102,104,1,52,0,0,241946688599375,0,0,0,241946730948833,241946747570498,241946780902499,241946767245249,241946731067083,0,3042,0,4687553239212358758,4687553239782899327,4687553240928178127,"normalized presentedTime from Core Animation clock"
generated_dropped,1,2,0,107,2,54,53,54,241946755670125,241946757242875,241946764415458,0,241946781029083,241946797568498,241946822241669,0,0,0,8542,0,0,0,0,"generated output was not ready by exact-pair deadline"
selected_source_repeat,1,2,0,107,1,53,0,0,241946722388333,241946723235125,0,0,241946781029083,241946797568498,241946830900498,0,0,0,8542,0,0,0,0,"real-source fallback for late/missing exact-pair output"
presentation_submitted,1,2,105,107,1,53,0,0,241946722388333,0,0,0,241946781029083,241946797568498,241946830900498,0,241946781407583,0,8542,0,4687553240933124520,4687553241500817526,4687553242646096325,"external CAMetalDisplayLink drawable via DXMT Presenter"
presentation_gpu_completed,1,2,105,107,1,53,0,0,241946722388333,0,0,0,241946781029083,241946797568498,241946830900498,0,241946781407583,241946782229291,8542,0,4687553240933124520,4687553241500817526,4687553242646096325,"Metal command buffer completed"
source_accepted,1,2,0,0,0,55,0,0,241946789394416,241946791037375,0,0,0,0,241946872607695,0,0,0,0,0,0,0,0,"owned history copy completed successfully"
history_copy_complete,1,2,0,0,0,55,0,0,241946789394416,241946791037375,0,0,0,0,241946872607695,0,0,0,0,0,0,0,0,"Metal command buffer completed"
generated_requested,1,2,0,0,2,55,54,55,241946789394416,241946791037375,0,241946791178375,0,0,241946855747704,0,0,0,0,0,0,0,0,"exact adjacent source pair submitted"
source_displayed,1,2,103,105,1,52,0,0,241946688599375,0,0,0,241946747681916,241946764236499,241946797568498,241946784035333,241946747992875,0,8459,0,4687553239787311702,4687553240355538727,4687553241500817526,"normalized presentedTime from Core Animation clock"
generated_ready,1,2,0,108,2,55,54,55,0,0,241946797700250,0,241946797666250,241946814234499,241946855747704,0,0,0,7416,0,0,0,0,"Metal status completed"
selected_source,1,2,0,108,1,54,0,0,241946755670125,241946757242875,0,0,241946797666250,241946814234499,241946847566499,0,0,0,7416,0,0,0,0,"next real endpoint in source order"
presentation_submitted,1,2,106,108,1,54,0,0,241946755670125,0,0,0,241946797666250,241946814234499,241946847566499,0,241946798028166,0,7416,0,4687553241504756011,4687553242073456926,4687553243218735725,"external CAMetalDisplayLink drawable via DXMT Presenter"
presentation_gpu_completed,1,2,106,108,1,54,0,0,241946755670125,0,0,0,241946797666250,241946814234499,241946847566499,0,241946798028166,241946798810291,7416,0,4687553241504756011,4687553242073456926,4687553243218735725,"Metal command buffer completed"
source_displayed,1,2,104,106,1,53,0,0,241946722388333,0,0,0,241946764374958,241946780902498,241946814234499,241946800724416,241946764880791,0,12458,0,4687553240360891699,4687553240928178126,4687553242073456926,"normalized presentedTime from Core Animation clock"
generated_dropped,1,2,0,109,2,55,54,55,241946789394416,241946791037375,241946797700250,0,241946814340708,241946830900498,241946855747704,0,0,0,9500,0,0,0,0,"generated output was not ready by exact-pair deadline"
selected_source_repeat,1,2,0,109,1,54,0,0,241946755670125,241946757242875,0,0,241946814340708,241946830900498,241946864232499,0,0,0,9500,0,0,0,0,"real-source fallback for late/missing exact-pair output"
presentation_submitted,1,2,107,109,1,54,0,0,241946755670125,0,0,0,241946814340708,241946830900498,241946864232499,0,241946814750541,0,9500,0,4687553242077701797,4687553242646096325,4687553243791375125,"external CAMetalDisplayLink drawable via DXMT Presenter"
presentation_gpu_completed,1,2,107,109,1,54,0,0,241946755670125,0,0,0,241946814340708,241946830900498,241946864232499,0,241946814750541,241946815716625,9500,0,4687553242077701797,4687553242646096325,4687553243791375125,"Metal command buffer completed"
source_accepted,1,2,0,0,0,56,0,0,241946821839833,241946823675041,0,0,0,0,241946905056812,0,0,0,0,0,0,0,0,"owned history copy completed successfully"
history_copy_complete,1,2,0,0,0,56,0,0,241946821839833,241946823675041,0,0,0,0,241946905056812,0,0,0,0,0,0,0,0,"Metal command buffer completed"
generated_requested,1,2,0,0,2,56,55,56,241946821839833,241946823675041,0,241946823747041,0,0,241946888832253,0,0,0,0,0,0,0,0,"exact adjacent source pair submitted"
generated_ready,1,2,0,110,2,56,55,56,0,0,241946831119291,0,241946831070833,241946847566499,241946888832253,0,0,0,13625,0,0,0,0,"Metal status completed"
selected_source,1,2,0,110,1,55,0,0,241946789394416,241946791037375,0,0,241946831070833,241946847566499,241946880898498,0,0,0,13625,0,0,0,0,"next real endpoint in source order"
presentation_submitted,1,2,108,110,1,55,0,0,241946789394416,0,0,0,241946831070833,241946847566499,241946880898498,0,241946831750458,0,13625,0,4687553242652554547,4687553243218735725,4687553244364014524,"external CAMetalDisplayLink drawable via DXMT Presenter"
presentation_gpu_completed,1,2,108,110,1,55,0,0,241946789394416,0,0,0,241946831070833,241946847566499,241946880898498,0,241946831750458,241946832706083,13625,0,4687553242652554547,4687553243218735725,4687553244364014524,"Metal command buffer completed"
source_displayed,1,2,105,107,1,53,0,0,241946722388333,0,0,0,241946781029083,241946797568498,241946830900498,241946830953499,241946781407583,0,8542,0,4687553240933124520,4687553241500817526,4687553242646096325,"normalized presentedTime from Core Animation clock"
generated_dropped,1,2,0,111,2,56,55,56,241946821839833,241946823675041,241946831119291,0,241946847751583,241946864232499,241946888832253,0,0,0,24375,0,0,0,0,"generated output was not ready by exact-pair deadline"
selected_source_repeat,1,2,0,111,1,55,0,0,241946789394416,241946791037375,0,0,241946847751583,241946864232499,241946897564499,0,0,0,24375,0,0,0,0,"real-source fallback for late/missing exact-pair output"
presentation_submitted,1,2,109,111,1,55,0,0,241946789394416,0,0,0,241946847751583,241946864232499,241946897564499,0,241946848514958,0,24375,0,4687553243225716490,4687553243791375125,4687553244936653924,"external CAMetalDisplayLink drawable via DXMT Presenter"
presentation_gpu_completed,1,2,109,111,1,55,0,0,241946789394416,0,0,0,241946847751583,241946864232499,241946897564499,0,241946848514958,241946849767500,24375,0,4687553243225716490,4687553243791375125,4687553244936653924,"Metal command buffer completed"
source_displayed,1,2,106,108,1,54,0,0,241946755670125,0,0,0,241946797666250,241946814234499,241946847566499,241946849853333,241946798028166,0,7416,0,4687553241504756011,4687553242073456926,4687553243218735725,"normalized presentedTime from Core Animation clock"
selected_source,1,2,0,112,1,56,0,0,241946821839833,241946823675041,0,0,241946867468916,241946880898498,241946914230499,0,0,0,21417,0,0,0,0,"next real endpoint in source order"
presentation_submitted,1,2,110,112,1,56,0,0,241946821839833,0,0,0,241946867468916,241946880898498,241946914230499,0,241946869392666,0,21417,0,4687553243903161682,4687553244364014524,4687553245509293324,"external CAMetalDisplayLink drawable via DXMT Presenter"
source_displayed,1,2,107,109,1,54,0,0,241946755670125,0,0,0,241946814340708,241946830900498,241946864232499,241946858675708,241946814750541,0,9500,0,4687553242077701797,4687553242646096325,4687553243791375125,"normalized presentedTime from Core Animation clock"
presentation_gpu_completed,1,2,110,112,1,56,0,0,241946821839833,0,0,0,241946867468916,241946880898498,241946914230499,0,241946869392666,241946870572333,21417,0,4687553243903161682,4687553244364014524,4687553245509293324,"Metal command buffer completed"
source_accepted,1,2,0,0,0,57,0,0,241946855183375,241946870588875,0,0,0,0,241946938385389,0,0,0,0,0,0,0,0,"owned history copy completed successfully"
history_copy_complete,1,2,0,0,0,57,0,0,241946855183375,241946870588875,0,0,0,0,241946938385389,0,0,0,0,0,0,0,0,"Metal command buffer completed"
generated_requested,1,2,0,0,2,57,56,57,241946855183375,241946870588875,0,241946870608500,0,0,241946921721100,0,0,0,0,0,0,0,0,"exact adjacent source pair submitted"
source_displayed,1,2,108,110,1,55,0,0,241946789394416,0,0,0,241946831070833,241946847566499,241946880898498,241946870020833,241946831750458,0,13625,0,4687553242652554547,4687553243218735725,4687553244364014524,"normalized presentedTime from Core Animation clock"
generated_ready,1,2,0,113,2,57,56,57,0,0,241946880950125,0,241946880935125,241946897564499,241946921721100,0,0,0,3916,0,0,0,0,"Metal status completed"
generated_dropped,1,2,0,113,2,57,56,57,241946855183375,241946870588875,241946880950125,0,241946880935125,241946897564499,241946921721100,0,0,0,3916,0,0,0,0,"generated output was not ready by exact-pair deadline"
selected_source_repeat,1,2,0,113,1,56,0,0,241946821839833,241946823675041,0,0,241946880935125,241946897564499,241946930896498,0,0,0,3916,0,0,0,0,"real-source fallback for late/missing exact-pair output"
presentation_submitted,1,2,111,113,1,56,0,0,241946821839833,0,0,0,241946880935125,241946897564499,241946930896498,0,241946881075125,0,3916,0,4687553244365847067,4687553244936653924,4687553246081932723,"external CAMetalDisplayLink drawable via DXMT Presenter"
presentation_gpu_completed,1,2,111,113,1,56,0,0,241946821839833,0,0,0,241946880935125,241946897564499,241946930896498,0,241946881075125,241946881629750,3916,0,4687553244365847067,4687553244936653924,4687553246081932723,"Metal command buffer completed"
source_displayed,1,2,109,111,1,55,0,0,241946789394416,0,0,0,241946847751583,241946864232499,241946897564499,241946882382166,241946848514958,0,24375,0,4687553243225716490,4687553243791375125,4687553244936653924,"normalized presentedTime from Core Animation clock"
source_accepted,1,2,0,0,0,58,0,0,241946889204291,241946890149833,0,0,0,0,241946972078052,0,0,0,0,0,0,0,0,"owned history copy completed successfully"
history_copy_complete,1,2,0,0,0,58,0,0,241946889204291,241946890149833,0,0,0,0,241946972078052,0,0,0,0,0,0,0,0,"Metal command buffer completed"
generated_requested,1,2,0,0,2,58,57,58,241946889204291,241946890149833,0,241946890172458,0,0,241946955231720,0,0,0,0,0,0,0,0,"exact adjacent source pair submitted"
generated_ready,1,2,0,114,2,58,57,58,0,0,241946897669541,0,241946897656416,241946914284416,241946955231720,0,0,0,3542,0,0,0,0,"Metal status completed"
selected_source,1,2,0,114,1,57,0,0,241946855183375,241946870588875,0,0,241946897656416,241946914284416,241946947616416,0,0,0,3542,0,0,0,0,"next real endpoint in source order"
presentation_submitted,1,2,112,114,1,57,0,0,241946855183375,0,0,0,241946897656416,241946914284416,241946947616416,0,241946897765375,0,3542,0,4687553244940387694,4687553245511145898,4687553246656424697,"external CAMetalDisplayLink drawable via DXMT Presenter"
presentation_gpu_completed,1,2,112,114,1,57,0,0,241946855183375,0,0,0,241946897656416,241946914284416,241946947616416,0,241946897765375,241946898316750,3542,0,4687553244940387694,4687553245511145898,4687553246656424697,"Metal command buffer completed"
source_displayed,1,2,110,112,1,56,0,0,241946821839833,0,0,0,241946867468916,241946880898498,241946914230499,241946899366624,241946869392666,0,21417,0,4687553243903161682,4687553244364014524,4687553245509293324,"normalized presentedTime from Core Animation clock"
generated_dropped,1,2,0,115,2,58,57,58,241946889204291,241946890149833,241946897669541,0,241946914303041,241946930950415,241946955231720,0,0,0,2417,0,0,0,0,"generated output was not ready by exact-pair deadline"
selected_source_repeat,1,2,0,115,1,57,0,0,241946855183375,241946870588875,0,0,241946914303041,241946930950415,241946964282416,0,0,0,2417,0,0,0,0,"real-source fallback for late/missing exact-pair output"
presentation_submitted,1,2,113,115,1,57,0,0,241946855183375,0,0,0,241946914303041,241946930950415,241946964282416,0,241946914387625,0,2417,0,4687553245512352783,4687553246083785297,4687553247229064097,"external CAMetalDisplayLink drawable via DXMT Presenter"
presentation_gpu_completed,1,2,113,115,1,57,0,0,241946855183375,0,0,0,241946914303041,241946930950415,241946964282416,0,241946914387625,241946914923916,2417,0,4687553245512352783,4687553246083785297,4687553247229064097,"Metal command buffer completed"
source_displayed,1,2,111,113,1,56,0,0,241946821839833,0,0,0,241946880935125,241946897564499,241946930896498,241946916543749,241946881075125,0,3916,0,4687553244365847067,4687553244936653924,4687553246081932723,"normalized presentedTime from Core Animation clock"
source_accepted,1,2,0,0,0,59,0,0,241946922542208,241946924028750,0,0,0,0,241947005516727,0,0,0,0,0,0,0,0,"owned history copy completed successfully"
history_copy_complete,1,2,0,0,0,59,0,0,241946922542208,241946924028750,0,0,0,0,241947005516727,0,0,0,0,0,0,0,0,"Metal command buffer completed"
generated_requested,1,2,0,0,2,59,58,59,241946922542208,241946924028750,0,241946924080375,0,0,241946988797389,0,0,0,0,0,0,0,0,"exact adjacent source pair submitted"
generated_ready,1,2,0,116,2,59,58,59,0,0,241946931093000,0,241946931058708,241946947616416,241946988797389,0,0,0,10042,0,0,0,0,"Metal status completed"
selected_source,1,2,0,116,1,58,0,0,241946889204291,241946890149833,0,0,241946931058708,241946947616416,241946980948415,0,0,0,10042,0,0,0,0,"next real endpoint in source order"
presentation_submitted,1,2,114,116,1,58,0,0,241946889204291,0,0,0,241946931058708,241946947616416,241946980948415,0,241946931432916,0,10042,0,4687553246088088854,4687553246656424697,4687553247801703496,"external CAMetalDisplayLink drawable via DXMT Presenter"
presentation_gpu_completed,1,2,114,116,1,58,0,0,241946889204291,0,0,0,241946931058708,241946947616416,241946980948415,0,241946931432916,241946932385416,10042,0,4687553246088088854,4687553246656424697,4687553247801703496,"Metal command buffer completed"
source_displayed,1,2,112,114,1,57,0,0,241946855183375,0,0,0,241946897656416,241946914284416,241946947616416,241946934292374,241946897765375,0,3542,0,4687553244940387694,4687553245511145898,4687553246656424697,"normalized presentedTime from Core Animation clock"
generated_dropped,1,2,0,117,2,59,58,59,241946922542208,241946924028750,241946931093000,0,241946947714041,241946964282416,241946988797389,0,0,0,10250,0,0,0,0,"generated output was not ready by exact-pair deadline"
selected_source_repeat,1,2,0,117,1,58,0,0,241946889204291,241946890149833,0,0,241946947714041,241946964282416,241946997614416,0,0,0,10250,0,0,0,0,"real-source fallback for late/missing exact-pair output"
presentation_submitted,1,2,115,117,1,58,0,0,241946889204291,0,0,0,241946947714041,241946964282416,241946997614416,0,241946948090291,0,10250,0,4687553246660381805,4687553247229064097,4687553248374342896,"external CAMetalDisplayLink drawable via DXMT Presenter"
presentation_gpu_completed,1,2,115,117,1,58,0,0,241946889204291,0,0,0,241946947714041,241946964282416,241946997614416,0,241946948090291,241946949036666,10250,0,4687553246660381805,4687553247229064097,4687553248374342896,"Metal command buffer completed"
source_displayed,1,2,113,115,1,57,0,0,241946855183375,0,0,0,241946914303041,241946930950415,241946964282416,241946950596874,241946914387625,0,2417,0,4687553245512352783,4687553246083785297,4687553247229064097,"normalized presentedTime from Core Animation clock"
source_accepted,1,2,0,0,0,60,0,0,241946955213375,241946957204708,0,0,0,0,241947038247474,0,0,0,0,0,0,0,0,"owned history copy completed successfully"
history_copy_complete,1,2,0,0,0,60,0,0,241946955213375,241946957204708,0,0,0,0,241947038247474,0,0,0,0,0,0,0,0,"Metal command buffer completed"
generated_requested,1,2,0,0,2,60,59,60,241946955213375,241946957204708,0,241946957256875,0,0,241947021882100,0,0,0,0,0,0,0,0,"exact adjacent source pair submitted"
generated_ready,1,2,0,118,2,60,59,60,0,0,241946964419041,0,241946964385500,241946980948415,241947021882100,0,0,0,8458,0,0,0,0,"Metal status completed"
selected_source,1,2,0,118,1,59,0,0,241946922542208,241946924028750,0,0,241946964385500,241946980948415,241947014280416,0,0,0,8458,0,0,0,0,"next real endpoint in source order"
presentation_submitted,1,2,116,118,1,59,0,0,241946922542208,0,0,0,241946964385500,241946980948415,241947014280416,0,241946964722791,0,8458,0,4687553247233190117,4687553247801703496,4687553248946982296,"external CAMetalDisplayLink drawable via DXMT Presenter"
presentation_gpu_completed,1,2,116,118,1,59,0,0,241946922542208,0,0,0,241946964385500,241946980948415,241947014280416,0,241946964722791,241946965568208,8458,0,4687553247233190117,4687553247801703496,4687553248946982296,"Metal command buffer completed"
generated_dropped,1,2,0,119,2,60,59,60,241946955213375,241946957204708,241946964419041,0,241946981076458,241946997614416,241947021882100,0,0,0,31333,0,0,0,0,"generated output was not ready by exact-pair deadline"
selected_source_repeat,1,2,0,119,1,59,0,0,241946922542208,241946924028750,0,0,241946981076458,241946997614416,241947030946416,0,0,0,31333,0,0,0,0,"real-source fallback for late/missing exact-pair output"
presentation_submitted,1,2,117,119,1,59,0,0,241946922542208,0,0,0,241946981076458,241946997614416,241947030946416,0,241946981583833,0,31333,0,4687553247806709985,4687553248374342896,4687553249519621695,"external CAMetalDisplayLink drawable via DXMT Presenter"
presentation_gpu_completed,1,2,117,119,1,59,0,0,241946922542208,0,0,0,241946981076458,241946997614416,241947030946416,0,241946981583833,241946982604000,31333,0,4687553247806709985,4687553248374342896,4687553249519621695,"Metal command buffer completed"
source_accepted,1,2,0,0,0,61,0,0,241946988503916,241946993080833,0,0,0,0,241947071580398,0,0,0,0,0,0,0,0,"owned history copy completed successfully"
history_copy_complete,1,2,0,0,0,61,0,0,241946988503916,241946993080833,0,0,0,0,241947071580398,0,0,0,0,0,0,0,0,"Metal command buffer completed"
generated_requested,1,2,0,0,2,61,60,61,241946988503916,241946993080833,0,241946993385541,0,0,241947054913936,0,0,0,0,0,0,0,0,"exact adjacent source pair submitted"
generated_ready,1,2,0,120,2,61,60,61,0,0,241946997694416,0,241946997685166,241947014280415,241947054913936,0,0,0,1875,0,0,0,0,"Metal status completed"
selected_source,1,2,0,120,1,60,0,0,241946955213375,241946957204708,0,0,241946997685166,241947014280415,241947047612416,0,0,0,1875,0,0,0,0,"next real endpoint in source order"
presentation_submitted,1,2,118,120,1,60,0,0,241946955213375,0,0,0,241946997685166,241947014280415,241947047612416,0,241946997807125,0,1875,0,4687553248377337931,4687553248946982295,4687553250092261095,"external CAMetalDisplayLink drawable via DXMT Presenter"
presentation_gpu_completed,1,2,118,120,1,60,0,0,241946955213375,0,0,0,241946997685166,241947014280415,241947047612416,0,241946997807125,241946999236791,1875,0,4687553248377337931,4687553248946982295,4687553250092261095,"Metal command buffer completed"
source_displayed,1,2,114,116,1,58,0,0,241946889204291,0,0,0,241946931058708,241946947616416,241946980948415,241946997618291,241946931432916,0,10042,0,4687553246088088854,4687553246656424697,4687553247801703496,"normalized presentedTime from Core Animation clock"
source_displayed,1,2,115,117,1,58,0,0,241946889204291,0,0,0,241946947714041,241946964282416,241946997614416,241947014284791,241946948090291,0,10250,0,4687553246660381805,4687553247229064097,4687553248374342896,"normalized presentedTime from Core Animation clock"
generated_dropped,1,2,0,121,2,61,60,61,241946988503916,241946993080833,241946997694416,0,241947016202791,241947030946416,241947054913936,0,0,0,12209,0,0,0,0,"generated output was not ready by exact-pair deadline"
selected_source_repeat,1,2,0,121,1,60,0,0,241946955213375,241946957204708,0,0,241947016202791,241947030946416,241947064278415,0,0,0,12209,0,0,0,0,"real-source fallback for late/missing exact-pair output"
presentation_submitted,1,2,119,121,1,60,0,0,241946955213375,0,0,0,241947016202791,241947030946416,241947064278415,0,241947016513083,0,12209,0,4687553249013611566,4687553249519621695,4687553250664900494,"external CAMetalDisplayLink drawable via DXMT Presenter"
presentation_gpu_completed,1,2,119,121,1,60,0,0,241946955213375,0,0,0,241947016202791,241947030946416,241947064278415,0,241947016513083,241947017060166,12209,0,4687553249013611566,4687553249519621695,4687553250664900494,"Metal command buffer completed"
source_accepted,1,2,0,0,0,62,0,0,241947021811666,241947023324250,0,0,0,0,241947104699842,0,0,0,0,0,0,0,0,"owned history copy completed successfully"
history_copy_complete,1,2,0,0,0,62,0,0,241947021811666,241947023324250,0,0,0,0,241947104699842,0,0,0,0,0,0,0,0,"Metal command buffer completed"
generated_requested,1,2,0,0,2,62,61,62,241947021811666,241947023324250,0,241947023393458,0,0,241947088140120,0,0,0,0,0,0,0,0,"exact adjacent source pair submitted"
generated_ready,1,2,0,122,2,62,61,62,0,0,241947031098083,0,241947031062333,241947047612416,241947088140120,0,0,0,9125,0,0,0,0,"Metal status completed"
selected_source,1,2,0,122,1,61,0,0,241946988503916,241946993080833,0,0,241947031062333,241947047612416,241947080944416,0,0,0,9125,0,0,0,0,"next real endpoint in source order"
presentation_submitted,1,2,120,122,1,61,0,0,241946988503916,0,0,0,241947031062333,241947047612416,241947080944416,0,241947031423958,0,9125,0,4687553249524185802,4687553250092261095,4687553251237539894,"external CAMetalDisplayLink drawable via DXMT Presenter"
presentation_gpu_completed,1,2,120,122,1,61,0,0,241946988503916,0,0,0,241947031062333,241947047612416,241947080944416,0,241947031423958,241947032142833,9125,0,4687553249524185802,4687553250092261095,4687553251237539894,"Metal command buffer completed"
presentation_dropped,1,2,116,118,1,59,0,0,241946922542208,0,0,0,241946964385500,241946980948415,241947014280416,0,241946964722791,0,8458,0,4687553247233190117,4687553247801703496,4687553248946982296,"Metal drawable presentedTime=0; associated frame was dropped or not presented"
framegen_failure,1,2,0,0,0,0,0,0,0,0,0,0,0,0,0,0,0,0,0,0,0,0,0,"drawable reported no presentation time"
source_displayed,1,2,117,119,1,59,0,0,241946922542208,0,0,0,241946981076458,241946997614416,241947030946416,241947032195416,241946981583833,0,31333,0,4687553247806709985,4687553248374342896,4687553249519621695,"normalized presentedTime from Core Animation clock"
source_displayed,1,2,118,120,1,60,0,0,241946955213375,0,0,0,241946997685166,241947014280415,241947047612416,241947036845541,241946997807125,0,1875,0,4687553248377337931,4687553248946982295,4687553250092261095,"normalized presentedTime from Core Animation clock"
generated_dropped,1,2,0,123,2,62,61,62,241947021811666,241947023324250,241947031098083,0,241947047761916,241947064278415,241947088140120,0,0,0,8042,0,0,0,0,"generated output was not ready by exact-pair deadline"
selected_source_repeat,1,2,0,123,1,61,0,0,241946988503916,241946993080833,0,0,241947047761916,241947064278415,241947097610416,0,0,0,8042,0,0,0,0,"real-source fallback for late/missing exact-pair output"
presentation_submitted,1,2,121,123,1,61,0,0,241946988503916,0,0,0,241947047761916,241947064278415,241947097610416,0,241947048086000,0,8042,0,4687553250097992024,4687553250664900494,4687553251810179294,"external CAMetalDisplayLink drawable via DXMT Presenter"
presentation_gpu_completed,1,2,121,123,1,61,0,0,241946988503916,0,0,0,241947047761916,241947064278415,241947097610416,0,241947048086000,241947048777333,8042,0,4687553250097992024,4687553250664900494,4687553251810179294,"Metal command buffer completed"
source_accepted,1,2,0,0,0,63,0,0,241947055148875,241947056481875,0,0,0,0,241947138109550,0,0,0,0,0,0,0,0,"owned history copy completed successfully"
history_copy_complete,1,2,0,0,0,63,0,0,241947055148875,241947056481875,0,0,0,0,241947138109550,0,0,0,0,0,0,0,0,"Metal command buffer completed"
generated_requested,1,2,0,0,2,63,62,63,241947055148875,241947056481875,0,241947056541833,0,0,241947121404696,0,0,0,0,0,0,0,0,"exact adjacent source pair submitted"
source_displayed,1,2,119,121,1,60,0,0,241946955213375,0,0,0,241947016202791,241947030946416,241947064278415,241947053583374,241947016513083,0,12209,0,4687553249013611566,4687553249519621695,4687553250664900494,"normalized presentedTime from Core Animation clock"
generated_ready,1,2,0,124,2,63,62,63,0,0,241947065732250,0,241947064543625,241947080944416,241947121404696,0,0,0,11791,0,0,0,0,"Metal status completed"
selected_source,1,2,0,124,1,62,0,0,241947021811666,241947023324250,0,0,241947064543625,241947080944416,241947114276415,0,0,0,11791,0,0,0,0,"next real endpoint in source order"
presentation_submitted,1,2,122,124,1,62,0,0,241947021811666,0,0,0,241947064543625,241947080944416,241947114276415,0,241947067879458,0,11791,0,4687553250674620005,4687553251237539894,4687553252382818693,"external CAMetalDisplayLink drawable via DXMT Presenter"
presentation_gpu_completed,1,2,122,124,1,62,0,0,241947021811666,0,0,0,241947064543625,241947080944416,241947114276415,0,241947067879458,241947068961416,11791,0,4687553250674620005,4687553251237539894,4687553252382818693,"Metal command buffer completed"
source_displayed,1,2,120,122,1,61,0,0,241946988503916,0,0,0,241947031062333,241947047612416,241947080944416,241947069463999,241947031423958,0,9125,0,4687553249524185802,4687553250092261095,4687553251237539894,"normalized presentedTime from Core Animation clock"
generated_dropped,1,2,0,125,2,63,62,63,241947055148875,241947056481875,241947065732250,0,241947081090250,241947097610416,241947121404696,0,0,0,12958,0,0,0,0,"generated output was not ready by exact-pair deadline"
selected_source_repeat,1,2,0,125,1,62,0,0,241947021811666,241947023324250,0,0,241947081090250,241947097610416,241947130942416,0,0,0,12958,0,0,0,0,"real-source fallback for late/missing exact-pair output"
presentation_submitted,1,2,123,125,1,62,0,0,241947021811666,0,0,0,241947081090250,241947097610416,241947130942416,0,241947081533625,0,12958,0,4687553251243150564,4687553251810179294,4687553252955458093,"external CAMetalDisplayLink drawable via DXMT Presenter"
presentation_gpu_completed,1,2,123,125,1,62,0,0,241947021811666,0,0,0,241947081090250,241947097610416,241947130942416,0,241947081533625,241947082204500,12958,0,4687553251243150564,4687553251810179294,4687553252955458093,"Metal command buffer completed"
source_displayed,1,2,121,123,1,61,0,0,241946988503916,0,0,0,241947047761916,241947064278415,241947097610416,241947084732416,241947048086000,0,8042,0,4687553250097992024,4687553250664900494,4687553251810179294,"normalized presentedTime from Core Animation clock"
source_accepted,1,2,0,0,0,64,0,0,241947088875541,241947090323541,0,0,0,0,241947171875852,0,0,0,0,0,0,0,0,"owned history copy completed successfully"
history_copy_complete,1,2,0,0,0,64,0,0,241947088875541,241947090323541,0,0,0,0,241947171875852,0,0,0,0,0,0,0,0,"Metal command buffer completed"
generated_requested,1,2,0,0,2,64,63,64,241947088875541,241947090323541,0,241947090374166,0,0,241947154992701,0,0,0,0,0,0,0,0,"exact adjacent source pair submitted"
generated_ready,1,2,0,126,2,64,63,64,0,0,241947097804416,0,241947097766833,241947114276415,241947154992701,0,0,0,14083,0,0,0,0,"Metal status completed"
selected_source,1,2,0,126,1,63,0,0,241947055148875,241947056481875,0,0,241947097766833,241947114276415,241947147608416,0,0,0,14083,0,0,0,0,"next real endpoint in source order"
presentation_submitted,1,2,124,126,1,63,0,0,241947055148875,0,0,0,241947097766833,241947114276415,241947147608416,0,241947098173916,0,14083,0,4687553251816136413,4687553252382818693,4687553253528097493,"external CAMetalDisplayLink drawable via DXMT Presenter"
presentation_gpu_completed,1,2,124,126,1,63,0,0,241947055148875,0,0,0,241947097766833,241947114276415,241947147608416,0,241947098173916,241947098829458,14083,0,4687553251816136413,4687553252382818693,4687553253528097493,"Metal command buffer completed"
source_displayed,1,2,122,124,1,62,0,0,241947021811666,0,0,0,241947064543625,241947080944416,241947114276415,241947100950749,241947067879458,0,11791,0,4687553250674620005,4687553251237539894,4687553252382818693,"normalized presentedTime from Core Animation clock"
generated_dropped,1,2,0,127,2,64,63,64,241947088875541,241947090323541,241947097804416,0,241947114383125,241947130942416,241947154992701,0,0,0,10500,0,0,0,0,"generated output was not ready by exact-pair deadline"
selected_source_repeat,1,2,0,127,1,63,0,0,241947055148875,241947056481875,0,0,241947114383125,241947130942416,241947164274415,0,0,0,10500,0,0,0,0,"real-source fallback for late/missing exact-pair output"
presentation_submitted,1,2,125,127,1,63,0,0,241947055148875,0,0,0,241947114383125,241947130942416,241947164274415,0,241947114725000,0,10500,0,4687553252387075006,4687553252955458093,4687553254100736892,"external CAMetalDisplayLink drawable via DXMT Presenter"
presentation_gpu_completed,1,2,125,127,1,63,0,0,241947055148875,0,0,0,241947114383125,241947130942416,241947164274415,0,241947114725000,241947115453333,10500,0,4687553252387075006,4687553252955458093,4687553254100736892,"Metal command buffer completed"
source_accepted,1,2,0,0,0,65,0,0,241947122562791,241947123954291,0,0,0,0,241947205610237,0,0,0,0,0,0,0,0,"owned history copy completed successfully"
history_copy_complete,1,2,0,0,0,65,0,0,241947122562791,241947123954291,0,0,0,0,241947205610237,0,0,0,0,0,0,0,0,"Metal command buffer completed"
generated_requested,1,2,0,0,2,65,64,65,241947122562791,241947123954291,0,241947124024208,0,0,241947188743044,0,0,0,0,0,0,0,0,"exact adjacent source pair submitted"
source_displayed,1,2,123,125,1,62,0,0,241947021811666,0,0,0,241947081090250,241947097610416,241947130942416,241947117378874,241947081533625,0,12958,0,4687553251243150564,4687553251810179294,4687553252955458093,"normalized presentedTime from Core Animation clock"
generated_ready,1,2,0,128,2,65,64,65,0,0,241947132388250,0,241947131089416,241947147608416,241947188743044,0,0,0,11042,0,0,0,0,"Metal status completed"
selected_source,1,2,0,128,1,64,0,0,241947088875541,241947090323541,0,0,241947131089416,241947147608416,241947180940416,0,0,0,11042,0,0,0,0,"next real endpoint in source order"
presentation_submitted,1,2,126,128,1,64,0,0,241947088875541,0,0,0,241947131089416,241947147608416,241947180940416,0,241947132891875,0,11042,0,4687553252961101680,4687553253528097493,4687553254673376292,"external CAMetalDisplayLink drawable via DXMT Presenter"
presentation_gpu_completed,1,2,126,128,1,64,0,0,241947088875541,0,0,0,241947131089416,241947147608416,241947180940416,0,241947132891875,241947133875208,11042,0,4687553252961101680,4687553253528097493,4687553254673376292,"Metal command buffer completed"
generated_dropped,1,2,0,129,2,65,64,65,241947122562791,241947123954291,241947132388250,0,241947147792833,241947164274415,241947188743044,0,0,0,15917,0,0,0,0,"generated output was not ready by exact-pair deadline"
selected_source_repeat,1,2,0,129,1,64,0,0,241947088875541,241947090323541,0,0,241947147792833,241947164274415,241947197606416,0,0,0,15917,0,0,0,0,"real-source fallback for late/missing exact-pair output"
presentation_submitted,1,2,127,129,1,64,0,0,241947088875541,0,0,0,241947147792833,241947164274415,241947197606416,0,241947148276625,0,15917,0,4687553253535042455,4687553254100736892,4687553255246015692,"external CAMetalDisplayLink drawable via DXMT Presenter"
presentation_gpu_completed,1,2,127,129,1,64,0,0,241947088875541,0,0,0,241947147792833,241947164274415,241947197606416,0,241947148276625,241947149081416,15917,0,4687553253535042455,4687553254100736892,4687553255246015692,"Metal command buffer completed"
source_accepted,1,2,0,0,0,66,0,0,241947156167958,241947157839125,0,0,0,0,241947239242809,0,0,0,0,0,0,0,0,"owned history copy completed successfully"
history_copy_complete,1,2,0,0,0,66,0,0,241947156167958,241947157839125,0,0,0,0,241947239242809,0,0,0,0,0,0,0,0,"Metal command buffer completed"
generated_requested,1,2,0,0,2,66,65,66,241947156167958,241947157839125,0,241947157930708,0,0,241947222426523,0,0,0,0,0,0,0,0,"exact adjacent source pair submitted"
generated_ready,1,2,0,130,2,66,65,66,0,0,241947164575458,0,241947164394500,241947180940416,241947222426523,0,0,0,11125,0,0,0,0,"Metal status completed"
selected_source,1,2,0,130,1,65,0,0,241947122562791,241947123954291,0,0,241947164394500,241947180940416,241947214272415,0,0,0,11125,0,0,0,0,"next real endpoint in source order"
presentation_submitted,1,2,128,130,1,65,0,0,241947122562791,0,0,0,241947164394500,241947180940416,241947214272415,0,241947164935541,0,11125,0,4687553254105451323,4687553254673376292,4687553255818655091,"external CAMetalDisplayLink drawable via DXMT Presenter"
presentation_gpu_completed,1,2,128,130,1,65,0,0,241947122562791,0,0,0,241947164394500,241947180940416,241947214272415,0,241947164935541,241947165671916,11125,0,4687553254105451323,4687553254673376292,4687553255818655091,"Metal command buffer completed"
source_displayed,1,2,124,126,1,63,0,0,241947055148875,0,0,0,241947097766833,241947114276415,241947147608416,241947164283124,241947098173916,0,14083,0,4687553251816136413,4687553252382818693,4687553253528097493,"normalized presentedTime from Core Animation clock"
generated_dropped,1,2,0,131,2,66,65,66,241947156167958,241947157839125,241947164575458,0,241947181120083,241947197606415,241947222426523,0,0,0,17042,0,0,0,0,"generated output was not ready by exact-pair deadline"
selected_source_repeat,1,2,0,131,1,65,0,0,241947122562791,241947123954291,0,0,241947181120083,241947197606415,241947230938416,0,0,0,17042,0,0,0,0,"real-source fallback for late/missing exact-pair output"
presentation_submitted,1,2,129,131,1,65,0,0,241947122562791,0,0,0,241947181120083,241947197606415,241947230938416,0,241947181581541,0,17042,0,4687553254680162340,4687553255246015691,4687553256391294491,"external CAMetalDisplayLink drawable via DXMT Presenter"
presentation_gpu_completed,1,2,129,131,1,65,0,0,241947122562791,0,0,0,241947181120083,241947197606415,241947230938416,0,241947181581541,241947182473208,17042,0,4687553254680162340,4687553255246015691,4687553256391294491,"Metal command buffer completed"
source_displayed,1,2,125,127,1,63,0,0,241947055148875,0,0,0,241947114383125,241947130942416,241947164274415,241947180949541,241947114725000,0,10500,0,4687553252387075006,4687553252955458093,4687553254100736892,"normalized presentedTime from Core Animation clock"
source_accepted,1,2,0,0,0,67,0,0,241947188493000,241947190181875,0,0,0,0,241947271592370,0,0,0,0,0,0,0,0,"owned history copy completed successfully"
history_copy_complete,1,2,0,0,0,67,0,0,241947188493000,241947190181875,0,0,0,0,241947271592370,0,0,0,0,0,0,0,0,"Metal command buffer completed"
generated_requested,1,2,0,0,2,67,66,67,241947188493000,241947190181875,0,241947190235208,0,0,241947255417589,0,0,0,0,0,0,0,0,"exact adjacent source pair submitted"
source_displayed,1,2,126,128,1,64,0,0,241947088875541,0,0,0,241947131089416,241947147608416,241947180940416,241947197616041,241947132891875,0,11042,0,4687553252961101680,4687553253528097493,4687553254673376292,"normalized presentedTime from Core Animation clock"
generated_ready,1,2,0,132,2,67,66,67,0,0,241947200562125,0,241947200523833,241947214272415,241947255417589,0,0,0,8625,0,0,0,0,"Metal status completed"
selected_source,1,2,0,132,1,66,0,0,241947156167958,241947157839125,0,0,241947200523833,241947214272415,241947247604415,0,0,0,8625,0,0,0,0,"next real endpoint in source order"
presentation_submitted,1,2,130,132,1,66,0,0,241947156167958,0,0,0,241947200523833,241947214272415,241947247604415,0,241947200938041,0,8625,0,4687553255346848639,4687553255818655091,4687553256963933890,"external CAMetalDisplayLink drawable via DXMT Presenter"
presentation_gpu_completed,1,2,130,132,1,66,0,0,241947156167958,0,0,0,241947200523833,241947214272415,241947247604415,0,241947200938041,241947201826500,8625,0,4687553255346848639,4687553255818655091,4687553256963933890,"Metal command buffer completed"
presentation_dropped,1,2,127,129,1,64,0,0,241947088875541,0,0,0,241947147792833,241947164274415,241947197606416,0,241947148276625,0,15917,0,4687553253535042455,4687553254100736892,4687553255246015692,"Metal drawable presentedTime=0; associated frame was dropped or not presented"
framegen_failure,1,2,0,0,0,0,0,0,0,0,0,0,0,0,0,0,0,0,0,0,0,0,0,"drawable reported no presentation time"
source_displayed,1,2,128,130,1,65,0,0,241947122562791,0,0,0,241947164394500,241947180940416,241947214272415,241947202894083,241947164935541,0,11125,0,4687553254105451323,4687553254673376292,4687553255818655091,"normalized presentedTime from Core Animation clock"
generated_dropped,1,2,0,133,2,67,66,67,241947188493000,241947190181875,241947200562125,0,241947214407916,241947230938416,241947255417589,0,0,0,11750,0,0,0,0,"generated output was not ready by exact-pair deadline"
selected_source_repeat,1,2,0,133,1,66,0,0,241947156167958,241947157839125,0,0,241947214407916,241947230938416,241947264270416,0,0,0,11750,0,0,0,0,"real-source fallback for late/missing exact-pair output"
presentation_submitted,1,2,131,133,1,66,0,0,241947156167958,0,0,0,241947214407916,241947230938416,241947264270416,0,241947214859875,0,11750,0,4687553255823909279,4687553256391294491,4687553257536573290,"external CAMetalDisplayLink drawable via DXMT Presenter"
presentation_gpu_completed,1,2,131,133,1,66,0,0,241947156167958,0,0,0,241947214407916,241947230938416,241947264270416,0,241947214859875,241947215924375,11750,0,4687553255823909279,4687553256391294491,4687553257536573290,"Metal command buffer completed"
source_accepted,1,2,0,0,0,68,0,0,241947222316125,241947225096791,0,0,0,0,241947305133831,0,0,0,0,0,0,0,0,"owned history copy completed successfully"
history_copy_complete,1,2,0,0,0,68,0,0,241947222316125,241947225096791,0,0,0,0,241947305133831,0,0,0,0,0,0,0,0,"Metal command buffer completed"
generated_requested,1,2,0,0,2,68,67,68,241947222316125,241947225096791,0,241947225203875,0,0,241947288363100,0,0,0,0,0,0,0,0,"exact adjacent source pair submitted"
source_displayed,1,2,129,131,1,65,0,0,241947122562791,0,0,0,241947181120083,241947197606415,241947230938416,241947217902958,241947181581541,0,17042,0,4687553254680162340,4687553255246015691,4687553256391294491,"normalized presentedTime from Core Animation clock"
generated_ready,1,2,0,134,2,68,67,68,0,0,241947231242500,0,241947231135958,241947247604415,241947288363100,0,0,0,17458,0,0,0,0,"Metal status completed"
selected_source,1,2,0,134,1,67,0,0,241947188493000,241947190181875,0,0,241947231135958,241947247604415,241947280936416,0,0,0,17458,0,0,0,0,"next real endpoint in source order"
presentation_submitted,1,2,132,134,1,67,0,0,241947188493000,0,0,0,241947231135958,241947247604415,241947280936416,0,241947231964125,0,17458,0,4687553256398687573,4687553256963933890,4687553258109212690,"external CAMetalDisplayLink drawable via DXMT Presenter"
presentation_gpu_completed,1,2,132,134,1,67,0,0,241947188493000,0,0,0,241947231135958,241947247604415,241947280936416,0,241947231964125,241947233057416,17458,0,4687553256398687573,4687553256963933890,4687553258109212690,"Metal command buffer completed"
source_displayed,1,2,130,132,1,66,0,0,241947156167958,0,0,0,241947200523833,241947214272415,241947247604415,241947236392541,241947200938041,0,8625,0,4687553255346848639,4687553255818655091,4687553256963933890,"normalized presentedTime from Core Animation clock"
generated_dropped,1,2,0,135,2,68,67,68,241947222316125,241947225096791,241947231242500,0,241947247867583,241947264270416,241947288363100,0,0,0,17792,0,0,0,0,"generated output was not ready by exact-pair deadline"
selected_source_repeat,1,2,0,135,1,67,0,0,241947188493000,241947190181875,0,0,241947247867583,241947264270416,241947297602415,0,0,0,17792,0,0,0,0,"real-source fallback for late/missing exact-pair output"
presentation_submitted,1,2,133,135,1,67,0,0,241947188493000,0,0,0,241947247867583,241947264270416,241947297602415,0,241947248614458,0,17792,0,4687553256973610452,4687553257536573290,4687553258681852089,"external CAMetalDisplayLink drawable via DXMT Presenter"
presentation_gpu_completed,1,2,133,135,1,67,0,0,241947188493000,0,0,0,241947247867583,241947264270416,241947297602415,0,241947248614458,241947249788750,17792,0,4687553256973610452,4687553257536573290,4687553258681852089,"Metal command buffer completed"
source_accepted,1,2,0,0,0,69,0,0,241947255517041,241947258101208,0,0,0,0,241947338400625,0,0,0,0,0,0,0,0,"owned history copy completed successfully"
history_copy_complete,1,2,0,0,0,69,0,0,241947255517041,241947258101208,0,0,0,0,241947338400625,0,0,0,0,0,0,0,0,"Metal command buffer completed"
generated_requested,1,2,0,0,2,69,68,69,241947255517041,241947258101208,0,241947258474833,0,0,241947321767228,0,0,0,0,0,0,0,0,"exact adjacent source pair submitted"
source_displayed,1,2,131,133,1,66,0,0,241947156167958,0,0,0,241947214407916,241947230938416,241947264270416,241947253218958,241947214859875,0,11750,0,4687553255823909279,4687553256391294491,4687553257536573290,"normalized presentedTime from Core Animation clock"
generated_ready,1,2,0,136,2,69,68,69,0,0,241947264514000,0,241947264448666,241947280936416,241947321767228,0,0,0,16625,0,0,0,0,"Metal status completed"
selected_source,1,2,0,136,1,68,0,0,241947222316125,241947225096791,0,0,241947264448666,241947280936416,241947314268416,0,0,0,16625,0,0,0,0,"next real endpoint in source order"
presentation_submitted,1,2,134,136,1,68,0,0,241947222316125,0,0,0,241947264448666,241947280936416,241947314268416,0,241947265096875,0,16625,0,4687553257543323536,4687553258109212690,4687553259254491489,"external CAMetalDisplayLink drawable via DXMT Presenter"
presentation_gpu_completed,1,2,134,136,1,68,0,0,241947222316125,0,0,0,241947264448666,241947280936416,241947314268416,0,241947265096875,241947266096041,16625,0,4687553257543323536,4687553258109212690,4687553259254491489,"Metal command buffer completed"
source_displayed,1,2,132,134,1,67,0,0,241947188493000,0,0,0,241947231135958,241947247604415,241947280936416,241947269598041,241947231964125,0,17458,0,4687553256398687573,4687553256963933890,4687553258109212690,"normalized presentedTime from Core Animation clock"
generated_dropped,1,2,0,137,2,69,68,69,241947255517041,241947258101208,241947264514000,0,241947281156375,241947297602415,241947321767228,0,0,0,19250,0,0,0,0,"generated output was not ready by exact-pair deadline"
selected_source_repeat,1,2,0,137,1,68,0,0,241947222316125,241947225096791,0,0,241947281156375,241947297602415,241947330934416,0,0,0,19250,0,0,0,0,"real-source fallback for late/missing exact-pair output"
presentation_submitted,1,2,135,137,1,68,0,0,241947222316125,0,0,0,241947281156375,241947297602415,241947330934416,0,241947281796500,0,19250,0,4687553258117401749,4687553258681852089,4687553259827130889,"external CAMetalDisplayLink drawable via DXMT Presenter"
presentation_gpu_completed,1,2,135,137,1,68,0,0,241947222316125,0,0,0,241947281156375,241947297602415,241947330934416,0,241947281796500,241947283088083,19250,0,4687553258117401749,4687553258681852089,4687553259827130889,"Metal command buffer completed"
source_accepted,1,2,0,0,0,70,0,0,241947288714416,241947291194791,0,0,0,0,241947371655949,0,0,0,0,0,0,0,0,"owned history copy completed successfully"
history_copy_complete,1,2,0,0,0,70,0,0,241947288714416,241947291194791,0,0,0,0,241947371655949,0,0,0,0,0,0,0,0,"Metal command buffer completed"
generated_requested,1,2,0,0,2,70,69,70,241947288714416,241947291194791,0,241947291290791,0,0,241947355028287,0,0,0,0,0,0,0,0,"exact adjacent source pair submitted"
generated_ready,1,2,0,138,2,70,69,70,0,0,241947297844833,0,241947297761041,241947314268416,241947355028287,0,0,0,13750,0,0,0,0,"Metal status completed"
selected_source,1,2,0,138,1,69,0,0,241947255517041,241947258101208,0,0,241947297761041,241947314268416,241947347600415,0,0,0,13750,0,0,0,0,"next real endpoint in source order"
presentation_submitted,1,2,136,138,1,69,0,0,241947255517041,0,0,0,241947297761041,241947314268416,241947347600415,0,241947298342416,0,13750,0,4687553258687900846,4687553259254491489,4687553260399770288,"external CAMetalDisplayLink drawable via DXMT Presenter"
presentation_gpu_completed,1,2,136,138,1,69,0,0,241947255517041,0,0,0,241947297761041,241947314268416,241947347600415,0,241947298342416,241947299296250,13750,0,4687553258687900846,4687553259254491489,4687553260399770288,"Metal command buffer completed"
source_displayed,1,2,133,135,1,67,0,0,241947188493000,0,0,0,241947247867583,241947264270416,241947297602415,241947297614916,241947248614458,0,17792,0,4687553256973610452,4687553257536573290,4687553258681852089,"normalized presentedTime from Core Animation clock"
generated_dropped,1,2,0,139,2,70,69,70,241947288714416,241947291194791,241947297844833,0,241947314474166,241947330934416,241947355028287,0,0,0,22125,0,0,0,0,"generated output was not ready by exact-pair deadline"
selected_source_repeat,1,2,0,139,1,69,0,0,241947255517041,241947258101208,0,0,241947314474166,241947330934416,241947364266416,0,0,0,22125,0,0,0,0,"real-source fallback for late/missing exact-pair output"
presentation_submitted,1,2,137,139,1,69,0,0,241947255517041,0,0,0,241947314474166,241947330934416,241947364266416,0,241947315100666,0,22125,0,4687553259262188070,4687553259827130889,4687553260972409688,"external CAMetalDisplayLink drawable via DXMT Presenter"
presentation_gpu_completed,1,2,137,139,1,69,0,0,241947255517041,0,0,0,241947314474166,241947330934416,241947364266416,0,241947315100666,241947316439500,22125,0,4687553259262188070,4687553259827130889,4687553260972409688,"Metal command buffer completed"
source_displayed,1,2,134,136,1,68,0,0,241947222316125,0,0,0,241947264448666,241947280936416,241947314268416,241947316279916,241947265096875,0,16625,0,4687553257543323536,4687553258109212690,4687553259254491489,"normalized presentedTime from Core Animation clock"
source_accepted,1,2,0,0,0,71,0,0,241947322872250,241947325135666,0,0,0,0,241947405862073,0,0,0,0,0,0,0,0,"owned history copy completed successfully"
history_copy_complete,1,2,0,0,0,71,0,0,241947322872250,241947325135666,0,0,0,0,241947405862073,0,0,0,0,0,0,0,0,"Metal command buffer completed"
generated_requested,1,2,0,0,2,71,70,71,241947322872250,241947325135666,0,241947325196916,0,0,241947388759011,0,0,0,0,0,0,0,0,"exact adjacent source pair submitted"
source_displayed,1,2,135,137,1,68,0,0,241947222316125,0,0,0,241947281156375,241947297602415,241947330934416,241947323991708,241947281796500,0,19250,0,4687553258117401749,4687553258681852089,4687553259827130889,"normalized presentedTime from Core Animation clock"
generated_ready,1,2,0,140,2,71,70,71,0,0,241947331112625,0,241947331061666,241947347600415,241947388759011,0,0,0,11292,0,0,0,0,"Metal status completed"
selected_source,1,2,0,140,1,70,0,0,241947288714416,241947291194791,0,0,241947331061666,241947347600415,241947380932416,0,0,0,11292,0,0,0,0,"next real endpoint in source order"
presentation_submitted,1,2,138,140,1,70,0,0,241947288714416,0,0,0,241947331061666,241947347600415,241947380932416,0,241947331776958,0,11292,0,4687553259832131674,4687553260399770288,4687553261545049088,"external CAMetalDisplayLink drawable via DXMT Presenter"
presentation_gpu_completed,1,2,138,140,1,70,0,0,241947288714416,0,0,0,241947331061666,241947347600415,241947380932416,0,241947331776958,241947332815458,11292,0,4687553259832131674,4687553260399770288,4687553261545049088,"Metal command buffer completed"
source_displayed,1,2,136,138,1,69,0,0,241947255517041,0,0,0,241947297761041,241947314268416,241947347600415,241947336028499,241947298342416,0,13750,0,4687553258687900846,4687553259254491489,4687553260399770288,"normalized presentedTime from Core Animation clock"
generated_dropped,1,2,0,141,2,71,70,71,241947322872250,241947325135666,241947331112625,0,241947347859583,241947364266416,241947388759011,0,0,0,22583,0,0,0,0,"generated output was not ready by exact-pair deadline"
selected_source_repeat,1,2,0,141,1,70,0,0,241947288714416,241947291194791,0,0,241947347859583,241947364266416,241947397598415,0,0,0,22583,0,0,0,0,"real-source fallback for late/missing exact-pair output"
presentation_submitted,1,2,139,141,1,70,0,0,241947288714416,0,0,0,241947347859583,241947364266416,241947397598415,0,241947348502041,0,22583,0,4687553260409310854,4687553260972409688,4687553262117688487,"external CAMetalDisplayLink drawable via DXMT Presenter"
presentation_gpu_completed,1,2,139,141,1,70,0,0,241947288714416,0,0,0,241947347859583,241947364266416,241947397598415,0,241947348502041,241947349645833,22583,0,4687553260409310854,4687553260972409688,4687553262117688487,"Metal command buffer completed"
source_accepted,1,2,0,0,0,72,0,0,241947356005333,241947358805416,0,0,0,0,241947439028883,0,0,0,0,0,0,0,0,"owned history copy completed successfully"
history_copy_complete,1,2,0,0,0,72,0,0,241947356005333,241947358805416,0,0,0,0,241947439028883,0,0,0,0,0,0,0,0,"Metal command buffer completed"
source_displayed,1,2,137,139,1,69,0,0,241947255517041,0,0,0,241947314474166,241947330934416,241947364266416,241947352907124,241947315100666,0,22125,0,4687553259262188070,4687553259827130889,4687553260972409688,"normalized presentedTime from Core Animation clock"
generated_requested,1,2,0,0,2,72,71,72,241947356005333,241947358805416,0,241947358914500,0,0,241947422445478,0,0,0,0,0,0,0,0,"exact adjacent source pair submitted"
generated_ready,1,2,0,142,2,72,71,72,0,0,241947364517958,0,241947364463375,241947380932416,241947422445478,0,0,0,15250,0,0,0,0,"Metal status completed"
selected_source,1,2,0,142,1,71,0,0,241947322872250,241947325135666,0,0,241947364463375,241947380932416,241947414264416,0,0,0,15250,0,0,0,0,"next real endpoint in source order"
presentation_submitted,1,2,140,142,1,71,0,0,241947322872250,0,0,0,241947364463375,241947380932416,241947414264416,0,241947365094000,0,15250,0,4687553260979774114,4687553261545049088,4687553262690327887,"external CAMetalDisplayLink drawable via DXMT Presenter"
presentation_gpu_completed,1,2,140,142,1,71,0,0,241947322872250,0,0,0,241947364463375,241947380932416,241947414264416,0,241947365094000,241947366242041,15250,0,4687553260979774114,4687553261545049088,4687553262690327887,"Metal command buffer completed"
source_displayed,1,2,138,140,1,70,0,0,241947288714416,0,0,0,241947331061666,241947347600415,241947380932416,241947369485541,241947331776958,0,11292,0,4687553259832131674,4687553260399770288,4687553261545049088,"normalized presentedTime from Core Animation clock"
generated_dropped,1,2,0,143,2,72,71,72,241947356005333,241947358805416,241947364517958,0,241947381122583,241947397598415,241947422445478,0,0,0,19458,0,0,0,0,"generated output was not ready by exact-pair deadline"
selected_source_repeat,1,2,0,143,1,71,0,0,241947322872250,241947325135666,0,0,241947381122583,241947397598415,241947430930416,0,0,0,19458,0,0,0,0,"real-source fallback for late/missing exact-pair output"
presentation_submitted,1,2,141,143,1,71,0,0,241947322872250,0,0,0,241947381122583,241947397598415,241947430930416,0,241947381910708,0,19458,0,4687553261552218831,4687553262117688487,4687553263262967287,"external CAMetalDisplayLink drawable via DXMT Presenter"
presentation_gpu_completed,1,2,141,143,1,71,0,0,241947322872250,0,0,0,241947381122583,241947397598415,241947430930416,0,241947381910708,241947382988750,19458,0,4687553261552218831,4687553262117688487,4687553263262967287,"Metal command buffer completed"
source_displayed,1,2,139,141,1,70,0,0,241947288714416,0,0,0,241947347859583,241947364266416,241947397598415,241947385882749,241947348502041,0,22583,0,4687553260409310854,4687553260972409688,4687553262117688487,"normalized presentedTime from Core Animation clock"
source_accepted,1,2,0,0,0,73,0,0,241947389346541,241947392133625,0,0,0,0,241947472396914,0,0,0,0,0,0,0,0,"owned history copy completed successfully"
history_copy_complete,1,2,0,0,0,73,0,0,241947389346541,241947392133625,0,0,0,0,241947472396914,0,0,0,0,0,0,0,0,"Metal command buffer completed"
generated_requested,1,2,0,0,2,73,72,73,241947389346541,241947392133625,0,241947392251375,0,0,241947455712898,0,0,0,0,0,0,0,0,"exact adjacent source pair submitted"
generated_ready,1,2,0,144,2,73,72,73,0,0,241947397847958,0,241947397789333,241947414264416,241947455712898,0,0,0,18458,0,0,0,0,"Metal status completed"
selected_source,1,2,0,144,1,72,0,0,241947356005333,241947358805416,0,0,241947397789333,241947414264416,241947447596415,0,0,0,18458,0,0,0,0,"next real endpoint in source order"
presentation_submitted,1,2,142,144,1,72,0,0,241947356005333,0,0,0,241947397789333,241947414264416,241947447596415,0,241947398393083,0,18458,0,4687553262124863934,4687553262690327887,4687553263835606686,"external CAMetalDisplayLink drawable via DXMT Presenter"
presentation_gpu_completed,1,2,142,144,1,72,0,0,241947356005333,0,0,0,241947397789333,241947414264416,241947447596415,0,241947398393083,241947399470041,18458,0,4687553262124863934,4687553262690327887,4687553263835606686,"Metal command buffer completed"
source_displayed,1,2,140,142,1,71,0,0,241947322872250,0,0,0,241947364463375,241947380932416,241947414264416,241947402850124,241947365094000,0,15250,0,4687553260979774114,4687553261545049088,4687553262690327887,"normalized presentedTime from Core Animation clock"
generated_dropped,1,2,0,145,2,73,72,73,241947389346541,241947392133625,241947397847958,0,241947414475125,241947430930415,241947455712898,0,0,0,19916,0,0,0,0,"generated output was not ready by exact-pair deadline"
selected_source_repeat,1,2,0,145,1,72,0,0,241947356005333,241947358805416,0,0,241947414475125,241947430930415,241947464262416,0,0,0,19916,0,0,0,0,"real-source fallback for late/missing exact-pair output"
presentation_submitted,1,2,143,145,1,72,0,0,241947356005333,0,0,0,241947414475125,241947430930415,241947464262416,0,241947415070750,0,19916,0,4687553262698212004,4687553263262967286,4687553264408246086,"external CAMetalDisplayLink drawable via DXMT Presenter"
presentation_gpu_completed,1,2,143,145,1,72,0,0,241947356005333,0,0,0,241947414475125,241947430930415,241947464262416,0,241947415070750,241947416083708,19916,0,4687553262698212004,4687553263262967286,4687553264408246086,"Metal command buffer completed"
source_accepted,1,2,0,0,0,74,0,0,241947422719291,241947425147375,0,0,0,0,241947505788293,0,0,0,0,0,0,0,0,"owned history copy completed successfully"
history_copy_complete,1,2,0,0,0,74,0,0,241947422719291,241947425147375,0,0,0,0,241947505788293,0,0,0,0,0,0,0,0,"Metal command buffer completed"
generated_requested,1,2,0,0,2,74,73,74,241947422719291,241947425147375,0,241947425419791,0,0,241947489092603,0,0,0,0,0,0,0,0,"exact adjacent source pair submitted"
generated_ready,1,2,0,146,2,74,73,74,0,0,241947431767958,0,241947431467250,241947447596415,241947489092603,0,0,0,76041,0,0,0,0,"Metal status completed"
selected_source,1,2,0,146,1,73,0,0,241947389346541,241947392133625,0,0,241947431467250,241947447596415,241947480928415,0,0,0,76041,0,0,0,0,"next real endpoint in source order"
presentation_submitted,1,2,144,146,1,73,0,0,241947389346541,0,0,0,241947431467250,241947447596415,241947480928415,0,241947432200583,0,76041,0,4687553263282334737,4687553263835606686,4687553264980885485,"external CAMetalDisplayLink drawable via DXMT Presenter"
presentation_gpu_completed,1,2,144,146,1,73,0,0,241947389346541,0,0,0,241947431467250,241947447596415,241947480928415,0,241947432200583,241947432824666,76041,0,4687553263282334737,4687553263835606686,4687553264980885485,"Metal command buffer completed"
source_displayed,1,2,141,143,1,71,0,0,241947322872250,0,0,0,241947381122583,241947397598415,241947430930416,241947447613333,241947381910708,0,19458,0,4687553261552218831,4687553262117688487,4687553263262967287,"normalized presentedTime from Core Animation clock"
generated_dropped,1,2,0,147,2,74,73,74,241947422719291,241947425147375,241947431767958,0,241947455575416,241947464262416,241947489092603,0,0,0,19500,0,0,0,0,"generated output was not ready by exact-pair deadline"
selected_source_repeat,1,2,0,147,1,73,0,0,241947389346541,241947392133625,0,0,241947455575416,241947464262416,241947497594416,0,0,0,19500,0,0,0,0,"real-source fallback for late/missing exact-pair output"
presentation_submitted,1,2,145,147,1,73,0,0,241947389346541,0,0,0,241947455575416,241947464262416,241947497594416,0,241947456500250,0,19500,0,4687553264110447381,4687553264408246086,4687553265553524885,"external CAMetalDisplayLink drawable via DXMT Presenter"
presentation_gpu_completed,1,2,145,147,1,73,0,0,241947389346541,0,0,0,241947455575416,241947464262416,241947497594416,0,241947456500250,241947458713750,19500,0,4687553264110447381,4687553264408246086,4687553265553524885,"Metal command buffer completed"
source_accepted,1,2,0,0,0,75,0,0,241947455919583,241947458845625,0,0,0,0,241947537993977,0,0,0,0,0,0,0,0,"owned history copy completed successfully"
history_copy_complete,1,2,0,0,0,75,0,0,241947455919583,241947458845625,0,0,0,0,241947537993977,0,0,0,0,0,0,0,0,"Metal command buffer completed"
generated_requested,1,2,0,0,2,75,74,75,241947455919583,241947458845625,0,241947459003791,0,0,241947521891135,0,0,0,0,0,0,0,0,"exact adjacent source pair submitted"
generated_ready,1,2,0,148,2,75,74,75,0,0,241947464467500,0,241947464418833,241947480928415,241947521891135,0,0,0,13917,0,0,0,0,"Metal status completed"
selected_source,1,2,0,148,1,74,0,0,241947422719291,241947425147375,0,0,241947464418833,241947480928415,241947514260416,0,0,0,13917,0,0,0,0,"next real endpoint in source order"
presentation_submitted,1,2,146,148,1,74,0,0,241947422719291,0,0,0,241947464418833,241947480928415,241947514260416,0,241947464965958,0,13917,0,4687553264414214647,4687553264980885485,4687553266126164285,"external CAMetalDisplayLink drawable via DXMT Presenter"
presentation_gpu_completed,1,2,146,148,1,74,0,0,241947422719291,0,0,0,241947464418833,241947480928415,241947514260416,0,241947464965958,241947465975583,13917,0,4687553264414214647,4687553264980885485,4687553266126164285,"Metal command buffer completed"
presentation_dropped,1,2,142,144,1,72,0,0,241947356005333,0,0,0,241947397789333,241947414264416,241947447596415,0,241947398393083,0,18458,0,4687553262124863934,4687553262690327887,4687553263835606686,"Metal drawable presentedTime=0; associated frame was dropped or not presented"
framegen_failure,1,2,0,0,0,0,0,0,0,0,0,0,0,0,0,0,0,0,0,0,0,0,0,"drawable reported no presentation time"
source_displayed,1,2,143,145,1,72,0,0,241947356005333,0,0,0,241947414475125,241947430930415,241947464262416,241947466305083,241947415070750,0,19916,0,4687553262698212004,4687553263262967286,4687553264408246086,"normalized presentedTime from Core Animation clock"
generated_dropped,1,2,0,149,2,75,74,75,241947455919583,241947458845625,241947464467500,0,241947480979625,241947497594416,241947521891135,0,0,0,7875,0,0,0,0,"generated output was not ready by exact-pair deadline"
selected_source_repeat,1,2,0,149,1,74,0,0,241947422719291,241947425147375,0,0,241947480979625,241947497594416,241947530926415,0,0,0,7875,0,0,0,0,"real-source fallback for late/missing exact-pair output"
source_displayed,1,2,144,146,1,73,0,0,241947389346541,0,0,0,241947431467250,241947447596415,241947480928415,241947474066708,241947432200583,0,76041,0,4687553263282334737,4687553263835606686,4687553264980885485,"normalized presentedTime from Core Animation clock"
presentation_submitted,1,2,147,149,1,74,0,0,241947422719291,0,0,0,241947480979625,241947497594416,241947530926415,0,241947481296750,0,7875,0,4687553264983237684,4687553265553524885,4687553266698803684,"external CAMetalDisplayLink drawable via DXMT Presenter"
presentation_gpu_completed,1,2,147,149,1,74,0,0,241947422719291,0,0,0,241947480979625,241947497594416,241947530926415,0,241947481296750,241947481908291,7875,0,4687553264983237684,4687553265553524885,4687553266698803684,"Metal command buffer completed"
source_displayed,1,2,145,147,1,73,0,0,241947389346541,0,0,0,241947455575416,241947464262416,241947497594416,241947484883791,241947456500250,0,19500,0,4687553264110447381,4687553264408246086,4687553265553524885,"normalized presentedTime from Core Animation clock"
source_accepted,1,2,0,0,0,76,0,0,241947489068833,241947489926583,0,0,0,0,241947571414312,0,0,0,0,0,0,0,0,"owned history copy completed successfully"
history_copy_complete,1,2,0,0,0,76,0,0,241947489068833,241947489926583,0,0,0,0,241947571414312,0,0,0,0,0,0,0,0,"Metal command buffer completed"
generated_requested,1,2,0,0,2,76,75,76,241947489068833,241947489926583,0,241947489943750,0,0,241947554704144,0,0,0,0,0,0,0,0,"exact adjacent source pair submitted"
generated_ready,1,2,0,150,2,76,75,76,0,0,241947497643375,0,241947497623458,241947514260416,241947554704144,0,0,0,2458,0,0,0,0,"Metal status completed"
selected_source,1,2,0,150,1,75,0,0,241947455919583,241947458845625,0,0,241947497623458,241947514260416,241947547592416,0,0,0,2458,0,0,0,0,"next real endpoint in source order"
presentation_submitted,1,2,148,150,1,75,0,0,241947455919583,0,0,0,241947497623458,241947514260416,241947547592416,0,241947497732208,0,2458,0,4687553265555095400,4687553266126164285,4687553267271443084,"external CAMetalDisplayLink drawable via DXMT Presenter"
presentation_gpu_completed,1,2,148,150,1,75,0,0,241947455919583,0,0,0,241947497623458,241947514260416,241947547592416,0,241947497732208,241947498311583,2458,0,4687553265555095400,4687553266126164285,4687553267271443084,"Metal command buffer completed"
source_displayed,1,2,146,148,1,74,0,0,241947422719291,0,0,0,241947464418833,241947480928415,241947514260416,241947500184833,241947464965958,0,13917,0,4687553264414214647,4687553264980885485,4687553266126164285,"normalized presentedTime from Core Animation clock"
generated_dropped,1,2,0,151,2,76,75,76,241947489068833,241947489926583,241947497643375,0,241947514300000,241947530926415,241947554704144,0,0,0,3375,0,0,0,0,"generated output was not ready by exact-pair deadline"
selected_source_repeat,1,2,0,151,1,75,0,0,241947455919583,241947458845625,0,0,241947514300000,241947530926415,241947564258416,0,0,0,3375,0,0,0,0,"real-source fallback for late/missing exact-pair output"
presentation_submitted,1,2,149,151,1,75,0,0,241947455919583,0,0,0,241947514300000,241947530926415,241947564258416,0,241947514408208,0,3375,0,4687553266128095577,4687553266698803684,4687553267844082484,"external CAMetalDisplayLink drawable via DXMT Presenter"
presentation_gpu_completed,1,2,149,151,1,75,0,0,241947455919583,0,0,0,241947514300000,241947530926415,241947564258416,0,241947514408208,241947515031250,3375,0,4687553266128095577,4687553266698803684,4687553267844082484,"Metal command buffer completed"
source_displayed,1,2,147,149,1,74,0,0,241947422719291,0,0,0,241947480979625,241947497594416,241947530926415,241947516825958,241947481296750,0,7875,0,4687553264983237684,4687553265553524885,4687553266698803684,"normalized presentedTime from Core Animation clock"
source_accepted,1,2,0,0,0,77,0,0,241947522283083,241947523068375,0,0,0,0,241947604851496,0,0,0,0,0,0,0,0,"owned history copy completed successfully"
history_copy_complete,1,2,0,0,0,77,0,0,241947522283083,241947523068375,0,0,0,0,241947604851496,0,0,0,0,0,0,0,0,"Metal command buffer completed"
generated_requested,1,2,0,0,2,77,76,77,241947522283083,241947523068375,0,241947523083083,0,0,241947588132904,0,0,0,0,0,0,0,0,"exact adjacent source pair submitted"
generated_ready,1,2,0,152,2,77,76,77,0,0,241947531048250,0,241947531018625,241947547592416,241947588132904,0,0,0,7250,0,0,0,0,"Metal status completed"
selected_source,1,2,0,152,1,76,0,0,241947489068833,241947489926583,0,0,241947531018625,241947547592416,241947580924415,0,0,0,7250,0,0,0,0,"next real endpoint in source order"
presentation_submitted,1,2,150,152,1,76,0,0,241947489068833,0,0,0,241947531018625,241947547592416,241947580924415,0,241947531301000,0,7250,0,4687553266702551748,4687553267271443084,4687553268416721883,"external CAMetalDisplayLink drawable via DXMT Presenter"
presentation_gpu_completed,1,2,150,152,1,76,0,0,241947489068833,0,0,0,241947531018625,241947547592416,241947580924415,0,241947531301000,241947532026833,7250,0,4687553266702551748,4687553267271443084,4687553268416721883,"Metal command buffer completed"
source_displayed,1,2,148,150,1,75,0,0,241947455919583,0,0,0,241947497623458,241947514260416,241947547592416,241947533630541,241947497732208,0,2458,0,4687553265555095400,4687553266126164285,4687553267271443084,"normalized presentedTime from Core Animation clock"
generated_dropped,1,2,0,153,2,77,76,77,241947522283083,241947523068375,241947531048250,0,241947547711916,241947564258416,241947588132904,0,0,0,10334,0,0,0,0,"generated output was not ready by exact-pair deadline"
selected_source_repeat,1,2,0,153,1,76,0,0,241947489068833,241947489926583,0,0,241947547711916,241947564258416,241947597590416,0,0,0,10334,0,0,0,0,"real-source fallback for late/missing exact-pair output"
presentation_submitted,1,2,151,153,1,76,0,0,241947489068833,0,0,0,241947547711916,241947564258416,241947597590416,0,241947548139625,0,10334,0,4687553267276154663,4687553267844082484,4687553268989361283,"external CAMetalDisplayLink drawable via DXMT Presenter"
presentation_gpu_completed,1,2,151,153,1,76,0,0,241947489068833,0,0,0,241947547711916,241947564258416,241947597590416,0,241947548139625,241947549104083,10334,0,4687553267276154663,4687553267844082484,4687553268989361283,"Metal command buffer completed"
source_displayed,1,2,149,151,1,75,0,0,241947455919583,0,0,0,241947514300000,241947530926415,241947564258416,241947550620958,241947514408208,0,3375,0,4687553266128095577,4687553266698803684,4687553267844082484,"normalized presentedTime from Core Animation clock"
source_accepted,1,2,0,0,0,78,0,0,241947559860333,241947561558666,0,0,0,0,241947642582531,0,0,0,0,0,0,0,0,"owned history copy completed successfully"
history_copy_complete,1,2,0,0,0,78,0,0,241947559860333,241947561558666,0,0,0,0,241947642582531,0,0,0,0,0,0,0,0,"Metal command buffer completed"
generated_requested,1,2,0,0,2,78,77,78,241947559860333,241947561558666,0,241947561604458,0,0,241947623717013,0,0,0,0,0,0,0,0,"exact adjacent source pair submitted"
generated_ready,1,2,0,154,2,78,77,78,0,0,241947564331916,0,241947564310208,241947580924415,241947623717013,0,0,0,4000,0,0,0,0,"Metal status completed"
selected_source,1,2,0,154,1,77,0,0,241947522283083,241947523068375,0,0,241947564310208,241947580924415,241947614256416,0,0,0,4000,0,0,0,0,"next real endpoint in source order"
presentation_submitted,1,2,152,154,1,77,0,0,241947522283083,0,0,0,241947564310208,241947580924415,241947614256416,0,241947564498041,0,4000,0,4687553267846434683,4687553268416721883,4687553269562000683,"external CAMetalDisplayLink drawable via DXMT Presenter"
presentation_gpu_completed,1,2,152,154,1,77,0,0,241947522283083,0,0,0,241947564310208,241947580924415,241947614256416,0,241947564498041,241947565200958,4000,0,4687553267846434683,4687553268416721883,4687553269562000683,"Metal command buffer completed"
source_displayed,1,2,150,152,1,76,0,0,241947489068833,0,0,0,241947531018625,241947547592416,241947580924415,241947567880749,241947531301000,0,7250,0,4687553266702551748,4687553267271443084,4687553268416721883,"normalized presentedTime from Core Animation clock"
generated_dropped,1,2,0,155,2,78,77,78,241947559860333,241947561558666,241947564331916,0,241947580958458,241947597590416,241947623717013,0,0,0,2833,0,0,0,0,"generated output was not ready by exact-pair deadline"
selected_source_repeat,1,2,0,155,1,77,0,0,241947522283083,241947523068375,0,0,241947580958458,241947597590416,241947630922415,0,0,0,2833,0,0,0,0,"real-source fallback for late/missing exact-pair output"
presentation_submitted,1,2,153,155,1,77,0,0,241947522283083,0,0,0,241947580958458,241947597590416,241947630922415,0,241947581130541,0,2833,0,4687553268418455607,4687553268989361283,4687553270134640082,"external CAMetalDisplayLink drawable via DXMT Presenter"
presentation_gpu_completed,1,2,153,155,1,77,0,0,241947522283083,0,0,0,241947580958458,241947597590416,241947630922415,0,241947581130541,241947581810291,2833,0,4687553268418455607,4687553268989361283,4687553270134640082,"Metal command buffer completed"
source_displayed,1,2,151,153,1,76,0,0,241947489068833,0,0,0,241947547711916,241947564258416,241947597590416,241947582409958,241947548139625,0,10334,0,4687553267276154663,4687553267844082484,4687553268989361283,"normalized presentedTime from Core Animation clock"
source_accepted,1,2,0,0,0,79,0,0,241947588539166,241947589471166,0,0,0,0,241947671394209,0,0,0,0,0,0,0,0,"owned history copy completed successfully"
history_copy_complete,1,2,0,0,0,79,0,0,241947588539166,241947589471166,0,0,0,0,241947671394209,0,0,0,0,0,0,0,0,"Metal command buffer completed"
generated_requested,1,2,0,0,2,79,78,79,241947588539166,241947589471166,0,241947589487125,0,0,241947656988370,0,0,0,0,0,0,0,0,"exact adjacent source pair submitted"
generated_ready,1,2,0,156,2,79,78,79,0,0,241947597634583,0,241947597620083,241947614256416,241947656988370,0,0,0,2375,0,0,0,0,"Metal status completed"
selected_source,1,2,0,156,1,78,0,0,241947559860333,241947561558666,0,0,241947597620083,241947614256416,241947647588416,0,0,0,2375,0,0,0,0,"next real endpoint in source order"
presentation_submitted,1,2,154,156,1,78,0,0,241947559860333,0,0,0,241947597620083,241947614256416,241947647588416,0,241947597710416,0,2375,0,4687553268990953273,4687553269562000683,4687553270707279482,"external CAMetalDisplayLink drawable via DXMT Presenter"
presentation_gpu_completed,1,2,154,156,1,78,0,0,241947559860333,0,0,0,241947597620083,241947614256416,241947647588416,0,241947597710416,241947598382416,2375,0,4687553268990953273,4687553269562000683,4687553270707279482,"Metal command buffer completed"
source_displayed,1,2,152,154,1,77,0,0,241947522283083,0,0,0,241947564310208,241947580924415,241947614256416,241947599311083,241947564498041,0,4000,0,4687553267846434683,4687553268416721883,4687553269562000683,"normalized presentedTime from Core Animation clock"
generated_dropped,1,2,0,157,2,79,78,79,241947588539166,241947589471166,241947597634583,0,241947614383416,241947630922415,241947656988370,0,0,0,9959,0,0,0,0,"generated output was not ready by exact-pair deadline"
selected_source_repeat,1,2,0,157,1,78,0,0,241947559860333,241947561558666,0,0,241947614383416,241947630922415,241947664254416,0,0,0,9959,0,0,0,0,"real-source fallback for late/missing exact-pair output"
presentation_submitted,1,2,155,157,1,78,0,0,241947559860333,0,0,0,241947614383416,241947630922415,241947664254416,0,241947614695291,0,9959,0,4687553269566955632,4687553270134640082,4687553271279918882,"external CAMetalDisplayLink drawable via DXMT Presenter"
presentation_gpu_completed,1,2,155,157,1,78,0,0,241947559860333,0,0,0,241947614383416,241947630922415,241947664254416,0,241947614695291,241947615668208,9959,0,4687553269566955632,4687553270134640082,4687553271279918882,"Metal command buffer completed"
source_accepted,1,2,0,0,0,80,0,0,241947621871500,241947623714250,0,0,0,0,241947704819052,0,0,0,0,0,0,0,0,"owned history copy completed successfully"
history_copy_complete,1,2,0,0,0,80,0,0,241947621871500,241947623714250,0,0,0,0,241947704819052,0,0,0,0,0,0,0,0,"Metal command buffer completed"
generated_requested,1,2,0,0,2,80,79,80,241947621871500,241947623714250,0,241947623788125,0,0,241947688106630,0,0,0,0,0,0,0,0,"exact adjacent source pair submitted"
source_displayed,1,2,153,155,1,77,0,0,241947522283083,0,0,0,241947580958458,241947597590416,241947630922415,241947617558083,241947581130541,0,2833,0,4687553268418455607,4687553268989361283,4687553270134640082,"normalized presentedTime from Core Animation clock"
generated_ready,1,2,0,158,2,80,79,80,0,0,241947631142208,0,241947631066625,241947647588416,241947688106630,0,0,0,10333,0,0,0,0,"Metal status completed"
selected_source,1,2,0,158,1,79,0,0,241947588539166,241947589471166,0,0,241947631066625,241947647588416,241947680920416,0,0,0,10333,0,0,0,0,"next real endpoint in source order"
presentation_submitted,1,2,156,158,1,79,0,0,241947588539166,0,0,0,241947631066625,241947647588416,241947680920416,0,241947631844208,0,10333,0,4687553270140176295,4687553270707279482,4687553271852558281,"external CAMetalDisplayLink drawable via DXMT Presenter"
presentation_gpu_completed,1,2,156,158,1,79,0,0,241947588539166,0,0,0,241947631066625,241947647588416,241947680920416,0,241947631844208,241947634374958,10333,0,4687553270140176295,4687553270707279482,4687553271852558281,"Metal command buffer completed"
source_displayed,1,2,154,156,1,78,0,0,241947559860333,0,0,0,241947597620083,241947614256416,241947647588416,241947635683749,241947597710416,0,2375,0,4687553268990953273,4687553269562000683,4687553270707279482,"normalized presentedTime from Core Animation clock"
generated_dropped,1,2,0,159,2,80,79,80,241947621871500,241947623714250,241947631142208,0,241947647671166,241947664254415,241947688106630,0,0,0,4125,0,0,0,0,"generated output was not ready by exact-pair deadline"
selected_source_repeat,1,2,0,159,1,79,0,0,241947588539166,241947589471166,0,0,241947647671166,241947664254415,241947697586416,0,0,0,4125,0,0,0,0,"real-source fallback for late/missing exact-pair output"
presentation_submitted,1,2,157,159,1,79,0,0,241947588539166,0,0,0,241947647671166,241947664254415,241947697586416,0,241947647876708,0,4125,0,4687553270710698276,4687553271279918881,4687553272425197681,"external CAMetalDisplayLink drawable via DXMT Presenter"
presentation_gpu_completed,1,2,157,159,1,79,0,0,241947588539166,0,0,0,241947647671166,241947664254415,241947697586416,0,241947647876708,241947648916958,4125,0,4687553270710698276,4687553271279918881,4687553272425197681,"Metal command buffer completed"
source_accepted,1,2,0,0,0,81,0,0,241947655127500,241947656393916,0,0,0,0,241947738138883,0,0,0,0,0,0,0,0,"owned history copy completed successfully"
history_copy_complete,1,2,0,0,0,81,0,0,241947655127500,241947656393916,0,0,0,0,241947738138883,0,0,0,0,0,0,0,0,"Metal command buffer completed"
generated_requested,1,2,0,0,2,81,80,81,241947655127500,241947656393916,0,241947656412458,0,0,241947721478967,0,0,0,0,0,0,0,0,"exact adjacent source pair submitted"
source_displayed,1,2,155,157,1,78,0,0,241947559860333,0,0,0,241947614383416,241947630922415,241947664254416,241947651604041,241947614695291,0,9959,0,4687553269566955632,4687553270134640082,4687553271279918882,"normalized presentedTime from Core Animation clock"
generated_ready,1,2,0,160,2,81,80,81,0,0,241947664336708,0,241947664316416,241947680920416,241947721478967,0,0,0,6209,0,0,0,0,"Metal status completed"
selected_source,1,2,0,160,1,80,0,0,241947621871500,241947623714250,0,0,241947664316416,241947680920416,241947714252415,0,0,0,6209,0,0,0,0,"next real endpoint in source order"
presentation_submitted,1,2,158,160,1,80,0,0,241947621871500,0,0,0,241947664316416,241947680920416,241947714252415,0,241947664513125,0,6209,0,4687553271282624711,4687553271852558281,4687553272997837080,"external CAMetalDisplayLink drawable via DXMT Presenter"
presentation_gpu_completed,1,2,158,160,1,80,0,0,241947621871500,0,0,0,241947664316416,241947680920416,241947714252415,0,241947664513125,241947665133375,6209,0,4687553271282624711,4687553271852558281,4687553272997837080,"Metal command buffer completed"
generated_dropped,1,2,0,161,2,81,80,81,241947655127500,241947656393916,241947664336708,0,241947681017708,241947697586416,241947721478967,0,0,0,9958,0,0,0,0,"generated output was not ready by exact-pair deadline"
selected_source_repeat,1,2,0,161,1,80,0,0,241947621871500,241947623714250,0,0,241947681017708,241947697586416,241947730918416,0,0,0,9958,0,0,0,0,"real-source fallback for late/missing exact-pair output"
presentation_submitted,1,2,159,161,1,80,0,0,241947621871500,0,0,0,241947681017708,241947697586416,241947730918416,0,241947681363833,0,9958,0,4687553271856489619,4687553272425197681,4687553273570476480,"external CAMetalDisplayLink drawable via DXMT Presenter"
presentation_gpu_completed,1,2,159,161,1,80,0,0,241947621871500,0,0,0,241947681017708,241947697586416,241947730918416,0,241947681363833,241947682073875,9958,0,4687553271856489619,4687553272425197681,4687553273570476480,"Metal command buffer completed"
source_accepted,1,2,0,0,0,82,0,0,241947688549208,241947690454500,0,0,0,0,241947771616635,0,0,0,0,0,0,0,0,"owned history copy completed successfully"
history_copy_complete,1,2,0,0,0,82,0,0,241947688549208,241947690454500,0,0,0,0,241947771616635,0,0,0,0,0,0,0,0,"Metal command buffer completed"
generated_requested,1,2,0,0,2,82,81,82,241947688549208,241947690454500,0,241947690575333,0,0,241947754877759,0,0,0,0,0,0,0,0,"exact adjacent source pair submitted"
generated_ready,1,2,0,162,2,82,81,82,0,0,241947697990458,0,241947697770125,241947714252415,241947754877759,0,0,0,11875,0,0,0,0,"Metal status completed"
selected_source,1,2,0,162,1,81,0,0,241947655127500,241947656393916,0,0,241947697770125,241947714252415,241947747584416,0,0,0,11875,0,0,0,0,"next real endpoint in source order"
presentation_submitted,1,2,160,162,1,81,0,0,241947655127500,0,0,0,241947697770125,241947714252415,241947747584416,0,241947699076291,0,11875,0,4687553272432105431,4687553272997837080,4687553274143115880,"external CAMetalDisplayLink drawable via DXMT Presenter"
presentation_gpu_completed,1,2,160,162,1,81,0,0,241947655127500,0,0,0,241947697770125,241947714252415,241947747584416,0,241947699076291,241947699946083,11875,0,4687553272432105431,4687553272997837080,4687553274143115880,"Metal command buffer completed"
source_displayed,1,2,156,158,1,79,0,0,241947588539166,0,0,0,241947631066625,241947647588416,241947680920416,241947697610499,241947631844208,0,10333,0,4687553270140176295,4687553270707279482,4687553271852558281,"normalized presentedTime from Core Animation clock"
generated_dropped,1,2,0,163,2,82,81,82,241947688549208,241947690454500,241947697990458,0,241947714537875,241947730918416,241947754877759,0,0,0,13166,0,0,0,0,"generated output was not ready by exact-pair deadline"
selected_source_repeat,1,2,0,163,1,81,0,0,241947655127500,241947656393916,0,0,241947714537875,241947730918416,241947764250415,0,0,0,13166,0,0,0,0,"real-source fallback for late/missing exact-pair output"
presentation_submitted,1,2,161,163,1,81,0,0,241947655127500,0,0,0,241947714537875,241947730918416,241947764250415,0,241947714978958,0,13166,0,4687553273008248081,4687553273570476480,4687553274715755279,"external CAMetalDisplayLink drawable via DXMT Presenter"
presentation_gpu_completed,1,2,161,163,1,81,0,0,241947655127500,0,0,0,241947714537875,241947730918416,241947764250415,0,241947714978958,241947715912666,13166,0,4687553273008248081,4687553273570476480,4687553274715755279,"Metal command buffer completed"
source_displayed,1,2,157,159,1,79,0,0,241947588539166,0,0,0,241947647671166,241947664254415,241947697586416,241947714276958,241947647876708,0,4125,0,4687553270710698276,4687553271279918881,4687553272425197681,"normalized presentedTime from Core Animation clock"
source_accepted,1,2,0,0,0,83,0,0,241947721824708,241947723406416,0,0,0,0,241947804898211,0,0,0,0,0,0,0,0,"owned history copy completed successfully"
history_copy_complete,1,2,0,0,0,83,0,0,241947721824708,241947723406416,0,0,0,0,241947804898211,0,0,0,0,0,0,0,0,"Metal command buffer completed"
generated_requested,1,2,0,0,2,83,82,83,241947721824708,241947723406416,0,241947723467333,0,0,241947788257423,0,0,0,0,0,0,0,0,"exact adjacent source pair submitted"
generated_ready,1,2,0,164,2,83,82,83,0,0,241947731061500,0,241947731028875,241947747584416,241947788257423,0,0,0,9125,0,0,0,0,"Metal status completed"
selected_source,1,2,0,164,1,82,0,0,241947688549208,241947690454500,0,0,241947731028875,241947747584416,241947780916416,0,0,0,9125,0,0,0,0,"next real endpoint in source order"
presentation_submitted,1,2,162,164,1,82,0,0,241947688549208,0,0,0,241947731028875,241947747584416,241947780916416,0,241947731383625,0,9125,0,4687553273574848757,4687553274143115880,4687553275288394679,"external CAMetalDisplayLink drawable via DXMT Presenter"
presentation_gpu_completed,1,2,162,164,1,82,0,0,241947688549208,0,0,0,241947731028875,241947747584416,241947780916416,0,241947731383625,241947732307541,9125,0,4687553273574848757,4687553274143115880,4687553275288394679,"Metal command buffer completed"
source_displayed,1,2,158,160,1,80,0,0,241947621871500,0,0,0,241947664316416,241947680920416,241947714252415,241947730943458,241947664513125,0,6209,0,4687553271282624711,4687553271852558281,4687553272997837080,"normalized presentedTime from Core Animation clock"
source_displayed,1,2,159,161,1,80,0,0,241947621871500,0,0,0,241947681017708,241947697586416,241947730918416,241947732522583,241947681363833,0,9958,0,4687553271856489619,4687553272425197681,4687553273570476480,"normalized presentedTime from Core Animation clock"
source_displayed,1,2,160,162,1,81,0,0,241947655127500,0,0,0,241947697770125,241947714252415,241947747584416,241947739731416,241947699076291,0,11875,0,4687553272432105431,4687553272997837080,4687553274143115880,"normalized presentedTime from Core Animation clock"
generated_dropped,1,2,0,165,2,83,82,83,241947721824708,241947723406416,241947731061500,0,241947747689875,241947764250415,241947788257423,0,0,0,9500,0,0,0,0,"generated output was not ready by exact-pair deadline"
selected_source_repeat,1,2,0,165,1,82,0,0,241947688549208,241947690454500,0,0,241947747689875,241947764250415,241947797582416,0,0,0,9500,0,0,0,0,"real-source fallback for late/missing exact-pair output"
presentation_submitted,1,2,163,165,1,82,0,0,241947688549208,0,0,0,241947747689875,241947764250415,241947797582416,0,241947748098541,0,9500,0,4687553274147355012,4687553274715755279,4687553275861034079,"external CAMetalDisplayLink drawable via DXMT Presenter"
presentation_gpu_completed,1,2,163,165,1,82,0,0,241947688549208,0,0,0,241947747689875,241947764250415,241947797582416,0,241947748098541,241947749080250,9500,0,4687553274147355012,4687553274715755279,4687553275861034079,"Metal command buffer completed"
source_accepted,1,2,0,0,0,84,0,0,241947755164375,241947757045041,0,0,0,0,241947838273042,0,0,0,0,0,0,0,0,"owned history copy completed successfully"
history_copy_complete,1,2,0,0,0,84,0,0,241947755164375,241947757045041,0,0,0,0,241947838273042,0,0,0,0,0,0,0,0,"Metal command buffer completed"
generated_requested,1,2,0,0,2,84,83,84,241947755164375,241947757045041,0,241947757221708,0,0,241947821585626,0,0,0,0,0,0,0,0,"exact adjacent source pair submitted"
source_displayed,1,2,161,163,1,81,0,0,241947655127500,0,0,0,241947714537875,241947730918416,241947764250415,241947751883999,241947714978958,0,13166,0,4687553273008248081,4687553273570476480,4687553274715755279,"normalized presentedTime from Core Animation clock"
generated_ready,1,2,0,166,2,84,83,84,0,0,241947764452458,0,241947764408208,241947780916416,241947821585626,0,0,0,10250,0,0,0,0,"Metal status completed"
selected_source,1,2,0,166,1,83,0,0,241947721824708,241947723406416,0,0,241947764408208,241947780916416,241947814248415,0,0,0,10250,0,0,0,0,"next real endpoint in source order"
presentation_submitted,1,2,164,166,1,83,0,0,241947721824708,0,0,0,241947764408208,241947780916416,241947814248415,0,241947765006541,0,10250,0,4687553274721771085,4687553275288394679,4687553276433673478,"external CAMetalDisplayLink drawable via DXMT Presenter"
presentation_gpu_completed,1,2,164,166,1,83,0,0,241947721824708,0,0,0,241947764408208,241947780916416,241947814248415,0,241947765006541,241947766067166,10250,0,4687553274721771085,4687553275288394679,4687553276433673478,"Metal command buffer completed"
source_displayed,1,2,162,164,1,82,0,0,241947688549208,0,0,0,241947731028875,241947747584416,241947780916416,241947769471999,241947731383625,0,9125,0,4687553273574848757,4687553274143115880,4687553275288394679,"normalized presentedTime from Core Animation clock"
generated_dropped,1,2,0,167,2,84,83,84,241947755164375,241947757045041,241947764452458,0,241947789765166,241947797582416,241947821585626,0,0,0,11250,0,0,0,0,"generated output was not ready by exact-pair deadline"
selected_source_repeat,1,2,0,167,1,83,0,0,241947721824708,241947723406416,0,0,241947789765166,241947797582416,241947830914416,0,0,0,11250,0,0,0,0,"real-source fallback for late/missing exact-pair output"
presentation_submitted,1,2,165,167,1,83,0,0,241947721824708,0,0,0,241947789765166,241947797582416,241947830914416,0,241947792183625,0,11250,0,4687553275593018086,4687553275861034079,4687553277006312878,"external CAMetalDisplayLink drawable via DXMT Presenter"
presentation_gpu_completed,1,2,165,167,1,83,0,0,241947721824708,0,0,0,241947789765166,241947797582416,241947830914416,0,241947792183625,241947792782333,11250,0,4687553275593018086,4687553275861034079,4687553277006312878,"Metal command buffer completed"
source_accepted,1,2,0,0,0,85,0,0,241947792341041,241947793043916,0,0,0,0,241947874378542,0,0,0,0,0,0,0,0,"owned history copy completed successfully"
history_copy_complete,1,2,0,0,0,85,0,0,241947792341041,241947793043916,0,0,0,0,241947874378542,0,0,0,0,0,0,0,0,"Metal command buffer completed"
generated_requested,1,2,0,0,2,85,84,85,241947792341041,241947793043916,0,241947793059791,0,0,241947856325792,0,0,0,0,0,0,0,0,"exact adjacent source pair submitted"
source_displayed,1,2,163,165,1,82,0,0,241947688549208,0,0,0,241947747689875,241947764250415,241947797582416,241947788232833,241947748098541,0,9500,0,4687553274147355012,4687553274715755279,4687553275861034079,"normalized presentedTime from Core Animation clock"
generated_ready,1,2,0,168,2,85,84,85,0,0,241947797619666,0,241947797610958,241947814248415,241947856325792,0,0,0,2250,0,0,0,0,"Metal status completed"
selected_source,1,2,0,168,1,84,0,0,241947755164375,241947757045041,0,0,241947797610958,241947814248415,241947847580416,0,0,0,2250,0,0,0,0,"next real endpoint in source order"
presentation_submitted,1,2,166,168,1,84,0,0,241947755164375,0,0,0,241947797610958,241947814248415,241947847580416,0,241947797679916,0,2250,0,4687553275862584562,4687553276433673478,4687553277578952278,"external CAMetalDisplayLink drawable via DXMT Presenter"
presentation_gpu_completed,1,2,166,168,1,84,0,0,241947755164375,0,0,0,241947797610958,241947814248415,241947847580416,0,241947797679916,241947798225208,2250,0,4687553275862584562,4687553276433673478,4687553277578952278,"Metal command buffer completed"
source_displayed,1,2,164,166,1,83,0,0,241947721824708,0,0,0,241947764408208,241947780916416,241947814248415,241947800345333,241947765006541,0,10250,0,4687553274721771085,4687553275288394679,4687553276433673478,"normalized presentedTime from Core Animation clock"
generated_dropped,1,2,0,169,2,85,84,85,241947792341041,241947793043916,241947797619666,0,241947814312166,241947830914416,241947856325792,0,0,0,6500,0,0,0,0,"generated output was not ready by exact-pair deadline"
selected_source_repeat,1,2,0,169,1,84,0,0,241947755164375,241947757045041,0,0,241947814312166,241947830914416,241947864246415,0,0,0,6500,0,0,0,0,"real-source fallback for late/missing exact-pair output"
presentation_submitted,1,2,167,169,1,84,0,0,241947755164375,0,0,0,241947814312166,241947830914416,241947864246415,0,241947814496125,0,6500,0,4687553276436456617,4687553277006312878,4687553278151591677,"external CAMetalDisplayLink drawable via DXMT Presenter"
presentation_gpu_completed,1,2,167,169,1,84,0,0,241947755164375,0,0,0,241947814312166,241947830914416,241947864246415,0,241947814496125,241947815138250,6500,0,4687553276436456617,4687553277006312878,4687553278151591677,"Metal command buffer completed"
source_displayed,1,2,165,167,1,83,0,0,241947721824708,0,0,0,241947789765166,241947797582416,241947830914416,241947816874291,241947792183625,0,11250,0,4687553275593018086,4687553275861034079,4687553277006312878,"normalized presentedTime from Core Animation clock"
source_accepted,1,2,0,0,0,86,0,0,241947822550666,241947823327250,0,0,0,0,241947904880318,0,0,0,0,0,0,0,0,"owned history copy completed successfully"
history_copy_complete,1,2,0,0,0,86,0,0,241947822550666,241947823327250,0,0,0,0,241947904880318,0,0,0,0,0,0,0,0,"Metal command buffer completed"
generated_requested,1,2,0,0,2,86,85,86,241947822550666,241947823327250,0,241947823360333,0,0,241947889629430,0,0,0,0,0,0,0,0,"exact adjacent source pair submitted"
generated_ready,1,2,0,170,2,86,85,86,0,0,241947830949666,0,241947830941583,241947847580415,241947889629430,0,0,0,1708,0,0,0,0,"Metal status completed"
selected_source,1,2,0,170,1,85,0,0,241947792341041,241947793043916,0,0,241947830941583,241947847580415,241947880912416,0,0,0,1708,0,0,0,0,"next real endpoint in source order"
presentation_submitted,1,2,168,170,1,85,0,0,241947792341041,0,0,0,241947830941583,241947847580415,241947880912416,0,241947831012041,0,1708,0,4687553277007807526,4687553277578952277,4687553278724231077,"external CAMetalDisplayLink drawable via DXMT Presenter"
presentation_gpu_completed,1,2,168,170,1,85,0,0,241947792341041,0,0,0,241947830941583,241947847580415,241947880912416,0,241947831012041,241947831541291,1708,0,4687553277007807526,4687553277578952277,4687553278724231077,"Metal command buffer completed"
source_displayed,1,2,166,168,1,84,0,0,241947755164375,0,0,0,241947797610958,241947814248415,241947847580416,241947833456999,241947797679916,0,2250,0,4687553275862584562,4687553276433673478,4687553277578952278,"normalized presentedTime from Core Animation clock"
generated_dropped,1,2,0,171,2,86,85,86,241947822550666,241947823327250,241947830949666,0,241947847672083,241947864246415,241947889629430,0,0,0,7458,0,0,0,0,"generated output was not ready by exact-pair deadline"
selected_source_repeat,1,2,0,171,1,85,0,0,241947792341041,241947793043916,0,0,241947847672083,241947864246415,241947897578415,0,0,0,7458,0,0,0,0,"real-source fallback for late/missing exact-pair output"
presentation_submitted,1,2,169,171,1,85,0,0,241947792341041,0,0,0,241947847672083,241947864246415,241947897578415,0,241947847933375,0,7458,0,4687553277582686047,4687553278151591677,4687553279296870476,"external CAMetalDisplayLink drawable via DXMT Presenter"
presentation_gpu_completed,1,2,169,171,1,85,0,0,241947792341041,0,0,0,241947847672083,241947864246415,241947897578415,0,241947847933375,241947848795083,7458,0,4687553277582686047,4687553278151591677,4687553279296870476,"Metal command buffer completed"
source_accepted,1,2,0,0,0,87,0,0,241947855153083,241947856796750,0,0,0,0,241947937703073,0,0,0,0,0,0,0,0,"owned history copy completed successfully"
history_copy_complete,1,2,0,0,0,87,0,0,241947855153083,241947856796750,0,0,0,0,241947937703073,0,0,0,0,0,0,0,0,"Metal command buffer completed"
generated_requested,1,2,0,0,2,87,86,87,241947855153083,241947856796750,0,241947856869041,0,0,241947921291695,0,0,0,0,0,0,0,0,"exact adjacent source pair submitted"
source_displayed,1,2,167,169,1,84,0,0,241947755164375,0,0,0,241947814312166,241947830914416,241947864246415,241947850544499,241947814496125,0,6500,0,4687553276436456617,4687553277006312878,4687553278151591677,"normalized presentedTime from Core Animation clock"
generated_ready,1,2,0,172,2,87,86,87,0,0,241947864410458,0,241947864371166,241947880912416,241947921291695,0,0,0,12959,0,0,0,0,"Metal status completed"
selected_source,1,2,0,172,1,86,0,0,241947822550666,241947823327250,0,0,241947864371166,241947880912416,241947914244416,0,0,0,12959,0,0,0,0,"next real endpoint in source order"
presentation_submitted,1,2,170,172,1,86,0,0,241947822550666,0,0,0,241947864371166,241947880912416,241947914244416,0,241947864738708,0,12959,0,4687553278156463613,4687553278724231077,4687553279869509876,"external CAMetalDisplayLink drawable via DXMT Presenter"
presentation_gpu_completed,1,2,170,172,1,86,0,0,241947822550666,0,0,0,241947864371166,241947880912416,241947914244416,0,241947864738708,241947865583750,12959,0,4687553278156463613,4687553278724231077,4687553279869509876,"Metal command buffer completed"
source_displayed,1,2,168,170,1,85,0,0,241947792341041,0,0,0,241947830941583,241947847580415,241947880912416,241947867458958,241947831012041,0,1708,0,4687553277007807526,4687553277578952277,4687553278724231077,"normalized presentedTime from Core Animation clock"
generated_dropped,1,2,0,173,2,87,86,87,241947855153083,241947856796750,241947864410458,0,241947881023583,241947897578415,241947921291695,0,0,0,9208,0,0,0,0,"generated output was not ready by exact-pair deadline"
selected_source_repeat,1,2,0,173,1,86,0,0,241947822550666,241947823327250,0,0,241947881023583,241947897578415,241947930910416,0,0,0,9208,0,0,0,0,"real-source fallback for late/missing exact-pair output"
presentation_submitted,1,2,171,173,1,86,0,0,241947822550666,0,0,0,241947881023583,241947897578415,241947930910416,0,241947881527666,0,9208,0,4687553278728657745,4687553279296870476,4687553280442149276,"external CAMetalDisplayLink drawable via DXMT Presenter"
presentation_gpu_completed,1,2,171,173,1,86,0,0,241947822550666,0,0,0,241947881023583,241947897578415,241947930910416,0,241947881527666,241947882407791,9208,0,4687553278728657745,4687553279296870476,4687553280442149276,"Metal command buffer completed"
source_accepted,1,2,0,0,0,88,0,0,241947888488541,241947890163291,0,0,0,0,241947971194117,0,0,0,0,0,0,0,0,"owned history copy completed successfully"
history_copy_complete,1,2,0,0,0,88,0,0,241947888488541,241947890163291,0,0,0,0,241947971194117,0,0,0,0,0,0,0,0,"Metal command buffer completed"
source_displayed,1,2,169,171,1,85,0,0,241947792341041,0,0,0,241947847672083,241947864246415,241947897578415,241947884286666,241947847933375,0,7458,0,4687553277582686047,4687553278151591677,4687553279296870476,"normalized presentedTime from Core Animation clock"
generated_requested,1,2,0,0,2,88,87,88,241947888488541,241947890163291,0,241947890269500,0,0,241947954448595,0,0,0,0,0,0,0,0,"exact adjacent source pair submitted"
generated_ready,1,2,0,174,2,88,87,88,0,0,241947897768958,0,241947897726083,241947914244416,241947954448595,0,0,0,11042,0,0,0,0,"Metal status completed"
selected_source,1,2,0,174,1,87,0,0,241947855153083,241947856796750,0,0,241947897726083,241947914244416,241947947576415,0,0,0,11042,0,0,0,0,"next real endpoint in source order"
presentation_submitted,1,2,172,174,1,87,0,0,241947855153083,0,0,0,241947897726083,241947914244416,241947947576415,0,241947898186083,0,11042,0,4687553279302535538,4687553279869509876,4687553281014788675,"external CAMetalDisplayLink drawable via DXMT Presenter"
presentation_gpu_completed,1,2,172,174,1,87,0,0,241947855153083,0,0,0,241947897726083,241947914244416,241947947576415,0,241947898186083,241947899134666,11042,0,4687553279302535538,4687553279869509876,4687553281014788675,"Metal command buffer completed"
generated_dropped,1,2,0,175,2,88,87,88,241947888488541,241947890163291,241947897768958,0,241947914466208,241947930910416,241947954448595,0,0,0,16958,0,0,0,0,"generated output was not ready by exact-pair deadline"
selected_source_repeat,1,2,0,175,1,87,0,0,241947855153083,241947856796750,0,0,241947914466208,241947930910416,241947964242416,0,0,0,16958,0,0,0,0,"real-source fallback for late/missing exact-pair output"
presentation_submitted,1,2,173,175,1,87,0,0,241947855153083,0,0,0,241947914466208,241947930910416,241947964242416,0,241947914972583,0,16958,0,4687553279877739033,4687553280442149276,4687553281587428075,"external CAMetalDisplayLink drawable via DXMT Presenter"
presentation_gpu_completed,1,2,173,175,1,87,0,0,241947855153083,0,0,0,241947914466208,241947930910416,241947964242416,0,241947914972583,241947916044291,16958,0,4687553279877739033,4687553280442149276,4687553281587428075,"Metal command buffer completed"
source_accepted,1,2,0,0,0,89,0,0,241947922289583,241947924236416,0,0,0,0,241948005097945,0,0,0,0,0,0,0,0,"owned history copy completed successfully"
history_copy_complete,1,2,0,0,0,89,0,0,241947922289583,241947924236416,0,0,0,0,241948005097945,0,0,0,0,0,0,0,0,"Metal command buffer completed"
generated_requested,1,2,0,0,2,89,88,89,241947922289583,241947924236416,0,241947924346000,0,0,241947988146031,0,0,0,0,0,0,0,0,"exact adjacent source pair submitted"
generated_ready,1,2,0,176,2,89,88,89,0,0,241947931281125,0,241947931106041,241947947576415,241947988146031,0,0,0,12750,0,0,0,0,"Metal status completed"
selected_source,1,2,0,176,1,88,0,0,241947888488541,241947890163291,0,0,241947931106041,241947947576415,241947980908416,0,0,0,12750,0,0,0,0,"next real endpoint in source order"
presentation_submitted,1,2,174,176,1,88,0,0,241947888488541,0,0,0,241947931106041,241947947576415,241947980908416,0,241947931871291,0,12750,0,4687553280449460753,4687553281014788675,4687553282160067475,"external CAMetalDisplayLink drawable via DXMT Presenter"
presentation_gpu_completed,1,2,174,176,1,88,0,0,241947888488541,0,0,0,241947931106041,241947947576415,241947980908416,0,241947931871291,241947932818916,12750,0,4687553280449460753,4687553281014788675,4687553282160067475,"Metal command buffer completed"
source_displayed,1,2,170,172,1,86,0,0,241947822550666,0,0,0,241947864371166,241947880912416,241947914244416,241947930941208,241947864738708,0,12959,0,4687553278156463613,4687553278724231077,4687553279869509876,"normalized presentedTime from Core Animation clock"
generated_dropped,1,2,0,177,2,89,88,89,241947922289583,241947924236416,241947931281125,0,241947947931875,241947964242416,241947988146031,0,0,0,21625,0,0,0,0,"generated output was not ready by exact-pair deadline"
selected_source_repeat,1,2,0,177,1,88,0,0,241947888488541,241947890163291,0,0,241947947931875,241947964242416,241947997574415,0,0,0,21625,0,0,0,0,"real-source fallback for late/missing exact-pair output"
presentation_submitted,1,2,175,177,1,88,0,0,241947888488541,0,0,0,241947947931875,241947964242416,241947997574415,0,241947950049500,0,21625,0,4687553281027623481,4687553281587428075,4687553282732706874,"external CAMetalDisplayLink drawable via DXMT Presenter"
presentation_gpu_completed,1,2,175,177,1,88,0,0,241947888488541,0,0,0,241947947931875,241947964242416,241947997574415,0,241947950049500,241947957438458,21625,0,4687553281027623481,4687553281587428075,4687553282732706874,"Metal command buffer completed"
source_displayed,1,2,171,173,1,86,0,0,241947822550666,0,0,0,241947881023583,241947897578415,241947930910416,241947947607749,241947881527666,0,9208,0,4687553278728657745,4687553279296870476,4687553280442149276,"normalized presentedTime from Core Animation clock"
source_accepted,1,2,0,0,0,90,0,0,241947960333125,241947961445916,0,0,0,0,241948043198229,0,0,0,0,0,0,0,0,"owned history copy completed successfully"
history_copy_complete,1,2,0,0,0,90,0,0,241947960333125,241947961445916,0,0,0,0,241948043198229,0,0,0,0,0,0,0,0,"Metal command buffer completed"
generated_requested,1,2,0,0,2,90,89,90,241947960333125,241947961445916,0,241947961462958,0,0,241948024148087,0,0,0,0,0,0,0,0,"exact adjacent source pair submitted"
generated_ready,1,2,0,178,2,90,89,90,0,0,241947964306250,0,241947964287750,241947980908416,241948024148087,0,0,0,2791,0,0,0,0,"Metal status completed"
selected_source,1,2,0,178,1,89,0,0,241947922289583,241947924236416,0,0,241947964287750,241947980908416,241948014240416,0,0,0,2791,0,0,0,0,"next real endpoint in source order"
presentation_submitted,1,2,176,178,1,89,0,0,241947922289583,0,0,0,241947964287750,241947980908416,241948014240416,0,241947964409500,0,2791,0,4687553281589564117,4687553282160067475,4687553283305346274,"external CAMetalDisplayLink drawable via DXMT Presenter"
presentation_gpu_completed,1,2,176,178,1,89,0,0,241947922289583,0,0,0,241947964287750,241947980908416,241948014240416,0,241947964409500,241947965088916,2791,0,4687553281589564117,4687553282160067475,4687553283305346274,"Metal command buffer completed"
source_displayed,1,2,172,174,1,87,0,0,241947855153083,0,0,0,241947897726083,241947914244416,241947947576415,241947980940624,241947898186083,0,11042,0,4687553279302535538,4687553279869509876,4687553281014788675,"normalized presentedTime from Core Animation clock"
generated_dropped,1,2,0,179,2,90,89,90,241947960333125,241947961445916,241947964306250,0,241947983845458,241947997574415,241948024148087,0,0,0,5167,0,0,0,0,"generated output was not ready by exact-pair deadline"
selected_source_repeat,1,2,0,179,1,89,0,0,241947922289583,241947924236416,0,0,241947983845458,241947997574415,241948030906416,0,0,0,5167,0,0,0,0,"real-source fallback for late/missing exact-pair output"
presentation_submitted,1,2,177,179,1,89,0,0,241947922289583,0,0,0,241947983845458,241947997574415,241948030906416,0,241947984009500,0,5167,0,4687553282261553257,4687553282732706874,4687553283877985674,"external CAMetalDisplayLink drawable via DXMT Presenter"
presentation_gpu_completed,1,2,177,179,1,89,0,0,241947922289583,0,0,0,241947983845458,241947997574415,241948030906416,0,241947984009500,241947984651458,5167,0,4687553282261553257,4687553282732706874,4687553283877985674,"Metal command buffer completed"
source_displayed,1,2,173,175,1,87,0,0,241947855153083,0,0,0,241947914466208,241947930910416,241947964242416,241947983065749,241947914972583,0,16958,0,4687553279877739033,4687553280442149276,4687553281587428075,"normalized presentedTime from Core Animation clock"
presentation_dropped,1,2,174,176,1,88,0,0,241947888488541,0,0,0,241947931106041,241947947576415,241947980908416,0,241947931871291,0,12750,0,4687553280449460753,4687553281014788675,4687553282160067475,"Metal drawable presentedTime=0; associated frame was dropped or not presented"
framegen_failure,1,2,0,0,0,0,0,0,0,0,0,0,0,0,0,0,0,0,0,0,0,0,0,"drawable reported no presentation time"
source_displayed,1,2,175,177,1,88,0,0,241947888488541,0,0,0,241947947931875,241947964242416,241947997574415,241947990715541,241947950049500,0,21625,0,4687553281027623481,4687553281587428075,4687553282732706874,"normalized presentedTime from Core Animation clock"
selected_source,1,2,0,180,1,90,0,0,241947960333125,241947961445916,0,0,241947997608833,241948014240416,241948047572415,0,0,0,4375,0,0,0,0,"next real endpoint in source order"
presentation_submitted,1,2,178,180,1,90,0,0,241947960333125,0,0,0,241947997608833,241948014240416,241948047572415,0,241947997763916,0,4375,0,4687553282734467811,4687553283305346274,4687553284450625073,"external CAMetalDisplayLink drawable via DXMT Presenter"
presentation_gpu_completed,1,2,178,180,1,90,0,0,241947960333125,0,0,0,241947997608833,241948014240416,241948047572415,0,241947997763916,241947998364416,4375,0,4687553282734467811,4687553283305346274,4687553284450625073,"Metal command buffer completed"
epoch_reset,1,3,0,0,0,0,0,0,0,0,0,0,0,0,0,0,0,0,0,0,0,0,0,"3"
presentation_dropped,1,2,176,178,1,89,0,0,241947922289583,0,0,0,241947964287750,241947980908416,241948014240416,0,241947964409500,0,2791,0,4687553281589564117,4687553282160067475,4687553283305346274,"Metal drawable presentedTime=0; associated frame was dropped or not presented"
framegen_failure,1,3,0,0,0,0,0,0,0,0,0,0,0,0,0,0,0,0,0,0,0,0,0,"drawable reported no presentation time"
presentation_dropped,1,2,177,179,1,89,0,0,241947922289583,0,0,0,241947983845458,241947997574415,241948030906416,0,241947984009500,0,5167,0,4687553282261553257,4687553282732706874,4687553283877985674,"Metal drawable presentedTime=0; associated frame was dropped or not presented"
framegen_failure,1,3,0,0,0,0,0,0,0,0,0,0,0,0,0,0,0,0,0,0,0,0,0,"drawable reported no presentation time"
presentation_dropped,1,2,178,180,1,90,0,0,241947960333125,0,0,0,241947997608833,241948014240416,241948047572415,0,241947997763916,0,4375,0,4687553282734467811,4687553283305346274,4687553284450625073,"Metal drawable presentedTime=0; associated frame was dropped or not presented"
circuit_open,1,3,0,0,0,0,0,0,0,0,0,0,0,0,0,0,0,0,0,0,0,0,0,"drawable reported no presentation time"
